31 42
6 2
31 16
6 82
5 35
16 3
56 22
46 49
47 24
17 71
33 20
2 89
35 42
87 95
82 92
16 26
16 22
40 22
9 36
90 38
48 96
56 8
29 72
40 96
94 24
55 26
57 61
39 9
42 60
47 14
2 82
42 23
94 73
49 33
15 74
91 52
43 85
19 40
45 34
2 48
68 92
46 8
37 82
14 90
74 38
53 41
97 45
83 2
64 8
84 5
53 40
48 6
40 15
28 32
59 94
72 76
52 85
37 53
21 54
26 90
68 48
52 81
35 17
66 32
87 88
25 37
96 3
14 26
79 30
15 70
30 6
89 17
73 8
39 96
35 59
87 56
63 16
55 49
82 84
23 30
37 32
93 56
23 93
87 11
45 29
30 41
51 38
29 20
51 85
14 4
35 73
64 85
7 28
91 53
7 39
0 45
26 25
14 74
82 0
58 78
9 76
36 46
10 82
79 38
25 54
82 76
53 76
87 29
45 17
55 84
46 37
14 14
81 72
60 2
84 21
51 78
34 51
30 17
48 3
17 56
40 75
76 0
6 78
29 48
59 11
40 32
79 93
48 97
66 18
33 14
62 71
41 11
97 26
41 7
89 12
24 76
73 62
85 75
79 58
21 30
51 43
45 76
63 23
1 56
59 67
56 44
86 87
74 70
16 8
11 84
74 57
27 47
33 68
10 24
65 44
54 56
45 26
90 16
62 26
42 22
69 81
44 67
98 22
88 32
49 72
33 19
83 21
69 49
94 28
76 86
45 12
26 11
45 48
89 63
55 28
78 22
92 5
34 24
44 82
97 81
56 67
72 29
11 14
70 47
8 51
56 65
74 41
29 30
3 89
24 91
0 73
37 58
58 72
0 56
12 75
23 22
30 83
42 21
10 62
55 14
13 19
30 82
53 38
12 41
26 58
44 5
89 75
85 8
14 76
54 5
64 12
16 10
73 93
2 68
97 62
98 69
25 62
44 41
46 4
28 16
50 58
70 64
33 82
82 1
81 55
11 35
1 14
77 46
55 10
55 94
35 46
40 50
4 16
52 16
69 36
55 55
65 50
8 43
54 16
59 78
85 81
34 60
0 55
25 78
1 60
47 27
31 19
50 38
0 67
14 80
48 80
53 12
82 87
58 39
51 61
76 44
36 87
88 24
1 47
16 28
14 96
28 52
38 19
16 19
50 18
16 24
39 32
16 97
36 71
52 83
52 74
65 55
41 12
45 91
13 93
65 40
91 40
24 74
96 82
4 25
53 37
22 10
53 22
87 40
56 34
28 85
52 63
5 69
40 42
82 18
82 68
71 75
38 62
23 54
63 85
34 72
96 68
75 82
45 87
76 60
30 33
6 19
47 85
43 48
60 77
52 80
1 95
47 42
58 31
31 40
14 77
27 15
59 2
57 42
43 66
64 2
66 71
24 61
3 88
54 53
17 59
59 73
39 20
55 93
86 55
69 82
19 58
77 12
63 91
12 14
1 53
21 7
72 38
3 74
10 43
24 18
30 20
95 33
77 94
85 84
52 53
89 69
50 87
59 82
27 29
71 51
41 79
22 45
55 60
64 94
3 97
71 24
57 71
52 24
26 39
64 61
92 95
54 84
X
87 70
5 70
58 94
77 86
65 94
45 36
63 43
62 74
84 63
21 67
56 72
74 80
43 90
38 92
5 27
87 13
2 65
81 79
74 18
80 24
57 24
32 24
47 66
50 4
53 91
56 32
92 2
30 51
84 81
77 90
84 52
64 82
51 72
9 78
97 91
36 81
39 54
52 39
44 7
43 19
5 9
51 79
28 84
10 29
36 58
53 64
3 45
20 19
8 35
40 46
73 60
75 77
49 29
10 56
37 21
13 64
65 92
24 12
9 3
12 83
18 8
78 85
64 66
49 73
4 52
6 71
24 54
76 56
46 43
79 85
50 92
11 11
16 89
83 29
54 23
13 13
81 84
34 35
82 58
61 0
77 1
65 28
4 21
16 90
26 44
57 93
63 67
32 78
20 65
60 80
53 1
29 90
42 69
41 19
66 91
39 26
18 21
85 65
18 78
35 40
43 49
41 6
77 38
13 36
12 29
74 33
18 44
30 57
65 63
31 75
32 46
92 74
50 60
7 71
19 70
50 29
67 61
43 87
14 39
72 54
7 85
16 84
27 65
3 90
65 6
67 83
45 96
95 44
11 49
71 80
94 38
91 23
41 17
96 20
80 25
X
13 38
57 76
45 18
70 35
10 22
83 56
89 20
24 72
43 38
81 78
15 86
13 47
32 94
53 19
32 66
83 85
73 98
9 77
55 75
92 51
90 61
91 45
67 47
23 40
62 7
51 55
71 90
63 70
68 62
4 45
98 40
14 56
92 94
87 37
90 77
83 3
9 38
74 7
48 13
92 72
87 66
20 77
62 81
25 22
44 89
40 68
7 64
71 49
67 44
67 88
13 27
98 18
73 89
21 31
33 22
0 13
9 94
39 14
82 42
84 2
26 91
62 72
12 97
9 23
43 78
73 3
82 79
47 19
X
74 84
22 75
74 72
66 51
24 73
44 61
36 36
24 77
33 51
78 30
24 21
69 47
98 88
53 21
49 46
86 15
37 85
57 32
34 0
96 0
32 32
93 11
65 91
41 27
67 89
38 74
10 85
91 69
55 86
96 27
86 86
52 50
96 92
29 8
91 12
30 50
14 28
11 92
85 73
47 33
46 13
95 54
2 25
71 58
19 55
54 62
82 52
75 10
89 50
46 35
75 59
20 46
19 60
65 58
92 44
51 89
4 32
94 61
96 65
24 88
87 9
38 70
88 89
45 62
94 62
89 58
33 45
15 50
37 67
11 45
76 75
9 42
87 31
89 22
25 70
80 46
68 32
84 68
44 66
39 15
86 10
81 21
53 44
9 44
24 78
73 32
13 9
82 94
43 36
58 74
19 75
66 5
80 34
X
57 54
74 1
35 95
48 16
34 23
70 58
83 66
7 89
98 16
92 64
16 61
60 48
39 33
80 32
85 23
15 3
22 78
60 76
27 79
64 27
8 46
15 12
65 80
81 29
69 48
96 83
97 42
2 92
15 8
56 89
87 20
38 42
7 20
25 28
4 42
37 57
14 62
4 83
87 74
0 65
28 40
89 23
38 16
43 83
58 17
86 14
76 61
14 86
64 56
55 27
61 81
27 8
64 47
58 45
98 57
X
15 85
83 73
38 8
10 36
12 44
6 28
86 59
50 28
35 91
86 6
6 44
45 5
29 79
89 71
2 11
12 18
51 81
47 78
22 64
26 79
1 10
41 42
1 52
47 72
83 19
93 59
81 70
79 0
59 68
48 22
33 31
95 0
52 96
65 54
20 11
94 5
83 59
60 47
6 61
79 55
37 27
90 14
40 57
47 67
93 90
73 37
8 29
27 6
53 14
97 66
9 35
18 91
78 36
77 85
83 63
74 89
68 3
77 60
76 42
16 2
88 50
20 33
30 40
73 2
3 87
29 65
11 75
49 90
41 78
93 79
65 81
92 21
68 12
19 51
69 93
3 71
87 53
59 62
9 11
6 47
71 96
5 21
26 69
11 83
10 76
54 0
67 5
61 10
68 40
73 31
47 86
29 52
67 82
41 0
95 3
74 39
81 3
60 24
61 74
74 74
45 78
85 53
40 17
62 77
20 29
80 77
30 54
93 66
52 65
2 91
93 37
32 71
23 26
83 78
22 52
98 11
92 23
9 12
59 77
79 73
14 75
57 29
16 42
69 4
12 13
6 75
33 74
42 45
39 6
50 19
26 53
53 20
87 18
81 0
4 90
41 24
7 36
15 25
90 96
36 68
34 27
19 15
11 34
37 31
94 14
22 14
81 95
32 48
55 48
92 53
56 80
21 79
50 20
54 60
69 63
60 75
57 98
64 62
50 36
91 39
30 36
91 95
89 16
50 69
14 73
30 22
57 64
91 51
82 40
19 74
44 46
83 35
66 48
7 75
21 13
91 38
18 17
0 51
73 63
81 53
31 82
47 81
73 17
31 28
15 61
33 25
82 85
29 85
86 74
69 41
63 40
35 13
77 35
19 81
77 9
23 25
66 24
58 93
X
95 76
95 4
6 58
44 53
25 7
97 15
87 42
89 65
48 36
73 55
76 98
8 79
34 13
85 30
33 85
95 32
81 12
64 28
72 1
58 73
39 78
95 15
X
51 91
69 24
51 70
9 46
92 86
2 10
79 70
63 24
66 82
69 39
72 49
14 3
61 94
95 98
56 59
87 5
18 20
12 49
65 11
70 22
76 38
70 90
15 11
63 41
29 80
21 93
36 82
45 20
16 50
46 58
27 11
28 9
72 88
17 19
84 91
23 5
35 38
62 67
11 66
21 76
87 24
22 34
93 23
24 90
72 12
49 71
15 62
8 90
22 91
84 19
5 1
X
61 55
94 60
15 0
79 90
42 50
60 72
36 39
21 3
33 29
89 64
25 67
62 66
93 20
96 30
6 70
70 92
16 73
54 31
48 24
56 91
64 63
80 59
10 33
50 23
7 55
98 42
10 48
36 25
61 52
9 6
70 30
58 95
15 13
95 61
6 68
9 81
15 65
87 78
9 98
15 40
53 58
30 18
17 50
67 78
83 90
48 38
85 19
3 28
30 67
38 45
14 72
52 15
84 87
90 92
35 66
10 35
48 73
65 51
85 50
24 32
42 85
53 84
51 75
87 14
61 59
35 24
19 22
20 94
10 75
19 59
55 58
80 0
17 74
78 69
40 6
26 85
64 1
69 25
97 4
72 36
78 93
35 22
37 91
70 38
10 86
36 24
30 89
18 89
6 11
10 58
80 2
81 89
56 95
48 65
72 51
90 25
28 86
62 38
67 2
73 72
76 55
26 21
96 24
4 9
95 86
60 91
52 4
49 41
23 21
41 35
9 97
87 67
68 21
6 37
33 49
65 82
84 56
5 60
36 31
57 21
3 66
82 24
95 63
97 2
76 13
22 65
49 61
91 77
90 66
28 68
26 67
90 60
6 6
59 56
17 68
75 81
71 12
18 35
23 34
78 20
54 22
11 55
54 54
9 48
55 83
18 58
52 10
17 66
79 44
46 77
74 91
23 53
59 41
96 50
76 36
70 45
63 80
72 61
32 33
80 50
96 72
20 63
23 16
17 28
98 0
55 2
24 15
82 66
5 25
40 78
15 83
30 66
18 97
97 65
88 80
46 53
39 72
4 41
91 54
49 17
76 94
51 42
78 83
88 13
42 58
62 83
78 45
29 25
61 17
84 13
64 19
30 69
38 75
97 95
49 78
65 73
39 28
80 96
35 87
71 25
61 46
35 37
11 13
40 19
61 1
3 92
98 70
58 52
38 44
15 66
4 1
59 93
3 55
39 86
42 80
14 37
43 76
12 94
50 43
58 98
4 64
92 28
57 59
95 88
66 58
57 14
24 42
8 27
52 3
58 68
27 13
31 48
80 8
92 73
97 36
13 55
60 70
28 34
96 62
0 60
22 5
57 75
66 64
94 86
97 40
49 45
45 45
48 82
86 64
38 43
88 15
61 16
7 60
32 77
50 22
14 78
87 28
36 69
72 74
39 76
61 38
11 26
54 64
27 84
18 53
76 80
14 35
72 3
92 40
18 18
86 38
43 17
47 32
4 70
92 81
33 27
46 29
71 53
82 89
47 73
85 43
12 70
52 46
5 15
69 92
36 38
73 74
97 56
73 83
9 22
41 96
55 68
11 36
33 48
47 30
70 27
14 29
35 84
69 31
23 57
22 1
61 72
48 95
36 0
87 83
15 80
35 75
91 36
24 69
98 63
24 28
44 30
4 2
21 92
82 22
64 93
8 80
65 29
62 79
39 92
47 69
28 15
94 79
50 61
51 6
57 57
47 53
34 15
17 49
77 83
97 46
94 11
72 93
23 18
38 87
23 52
53 36
35 41
74 62
37 78
67 37
20 97
11 94
21 10
85 24
77 48
80 76
67 93
15 19
72 28
71 9
65 41
78 89
92 96
15 14
25 38
47 63
52 76
69 98
29 10
27 52
30 48
30 44
50 64
22 16
68 84
54 71
58 16
49 92
40 95
48 71
89 15
74 6
54 61
11 27
52 2
46 60
27 10
76 50
64 71
23 29
85 42
53 16
11 23
96 51
42 82
89 24
84 92
94 13
5 83
19 42
44 78
7 13
77 72
74 24
93 14
79 41
34 87
66 45
96 40
56 62
8 42
58 91
26 47
85 37
69 21
33 80
71 94
79 1
27 85
49 76
7 9
24 49
58 15
47 61
54 59
60 63
93 74
92 85
55 63
9 33
93 93
29 3
38 32
36 91
8 45
54 85
39 88
55 13
34 77
23 17
53 13
22 35
95 91
31 56
10 41
73 94
12 76
8 44
60 37
40 2
64 40
29 41
40 3
71 30
10 20
61 73
64 65
63 9
91 86
57 13
50 82
65 19
88 96
25 18
X
41 91
41 59
89 78
7 23
9 34
29 24
48 7
86 85
52 98
19 90
72 0
37 97
55 53
75 86
61 15
6 29
67 3
57 47
68 95
95 95
83 65
30 81
25 34
1 18
98 93
76 85
68 60
6 59
4 17
50 42
82 78
95 13
91 94
44 20
7 97
22 70
52 47
9 40
70 74
75 49
37 65
98 32
X
31 31
25 97
54 52
6 69
65 75
22 29
96 86
65 84
78 80
41 20
70 72
85 18
39 70
89 74
73 79
35 51
48 27
27 70
54 6
62 91
34 80
23 83
68 81
82 69
87 73
90 72
69 66
52 62
95 79
46 51
14 94
3 56
45 89
24 86
91 71
55 73
6 35
7 79
8 89
13 37
69 56
71 26
56 54
6 48
86 52
68 75
24 22
83 48
88 70
73 26
7 22
77 77
59 53
49 39
69 64
2 94
59 91
45 55
28 47
64 76
12 95
79 23
66 56
12 8
21 22
72 42
42 88
84 75
98 35
45 30
55 44
38 22
36 67
54 75
72 63
77 62
52 77
66 75
35 48
66 36
19 64
37 79
29 47
70 61
54 42
45 50
87 0
91 33
87 1
98 8
71 14
31 89
66 23
43 47
21 69
53 90
59 7
38 46
89 39
75 29
36 7
72 50
80 44
11 48
34 62
20 54
4 24
46 14
12 28
44 8
32 45
58 66
49 77
36 33
10 97
4 88
22 56
0 63
22 59
X
97 20
66 7
29 96
43 72
62 55
44 55
84 7
59 55
52 9
47 57
38 82
11 18
49 63
83 0
22 46
45 44
96 95
19 5
34 68
68 83
80 12
85 5
56 63
84 22
33 95
25 90
66 9
90 42
49 38
96 31
31 3
70 55
41 55
98 14
7 6
36 20
26 70
94 16
23 69
83 70
80 26
92 27
29 26
41 95
15 49
81 46
93 34
43 73
24 27
61 83
7 84
64 84
59 87
17 3
37 68
53 86
22 18
77 40
41 58
72 85
57 69
97 0
47 8
37 70
7 54
8 88
42 6
37 15
64 7
96 47
57 67
98 89
10 26
50 54
53 52
68 77
75 23
5 94
20 28
15 88
75 38
44 81
10 70
15 52
66 70
79 12
39 64
31 29
62 40
38 86
7 46
61 75
44 76
5 63
20 39
74 16
70 93
97 51
75 31
74 3
88 98
67 42
56 7
43 35
82 12
55 52
81 60
69 3
24 20
88 95
26 74
20 81
28 21
94 82
91 50
17 18
30 68
81 44
79 39
39 95
52 35
97 7
52 49
96 23
59 63
23 20
91 74
28 51
70 54
85 11
81 16
52 58
74 63
98 34
61 35
93 7
75 1
88 36
51 41
94 19
28 48
83 81
46 92
47 37
72 53
20 64
84 95
46 79
53 0
18 68
1 85
59 60
78 16
96 13
60 39
10 89
56 28
57 60
22 73
57 37
37 48
82 6
57 25
49 81
34 19
24 13
80 75
6 66
15 72
46 63
22 9
79 95
7 68
70 6
84 6
44 16
94 39
98 82
3 33
17 81
13 20
39 10
89 35
49 5
20 75
10 66
33 79
94 33
90 1
21 24
47 15
92 19
10 57
51 18
95 82
49 94
87 16
80 71
76 1
45 32
82 49
1 76
36 51
40 14
4 68
76 77
7 63
43 68
67 7
6 95
3 59
71 42
64 81
48 57
13 85
64 9
51 9
80 29
X
1 59
48 90
74 2
10 15
16 25
42 12
70 68
5 11
51 74
21 35
53 54
98 43
76 30
80 28
15 28
93 22
7 1
31 98
64 77
44 92
19 20
17 41
41 43
46 1
3 83
3 35
46 5
15 24
21 77
65 86
72 13
40 48
48 11
72 34
28 79
23 96
41 54
26 68
33 81
26 4
75 88
59 29
42 84
75 78
26 26
63 30
85 74
65 74
44 65
4 85
33 78
21 70
20 16
43 67
0 12
15 89
88 86
24 80
19 44
10 65
10 28
35 28
62 47
56 39
80 78
88 42
49 58
60 1
18 80
15 68
54 25
59 18
56 1
73 97
48 55
70 70
24 31
59 90
22 21
5 65
9 8
42 74
21 11
75 92
78 33
52 72
29 35
63 47
81 31
70 37
84 36
25 26
56 83
1 86
24 57
98 54
11 57
83 4
4 82
8 52
79 28
89 90
85 60
X
88 44
58 79
18 41
60 25
16 64
91 41
10 16
89 82
26 52
67 62
80 20
71 81
75 22
30 10
28 53
54 39
76 43
47 18
58 2
32 92
90 55
49 64
3 77
28 27
17 22
94 10
20 18
20 15
36 55
63 36
91 72
51 92
70 82
56 56
45 54
1 98
27 32
85 91
28 10
41 39
42 49
28 18
43 11
10 3
76 22
11 74
22 94
68 76
33 65
54 78
39 48
25 35
79 13
52 48
20 2
58 22
6 51
36 95
2 69
50 40
60 74
40 82
76 91
53 15
2 63
96 19
94 93
67 71
96 1
13 45
76 40
96 43
9 56
44 62
28 20
25 19
82 9
24 68
0 87
56 15
75 48
43 92
63 66
71 79
88 3
6 63
46 39
1 30
14 68
21 55
66 17
2 9
16 58
44 42
53 24
86 34
47 64
35 76
94 7
32 89
74 27
94 36
80 85
0 53
59 24
52 45
89 54
14 21
44 13
12 47
14 92
60 55
32 86
69 5
37 43
14 87
81 94
41 14
76 63
90 33
18 88
14 82
72 18
24 58
32 93
78 8
36 11
34 28
75 98
77 36
9 93
3 52
5 34
17 24
53 11
79 66
27 4
26 27
48 39
19 14
4 26
71 61
79 63
12 62
26 37
82 95
55 15
51 59
55 50
44 94
83 7
96 81
90 69
56 92
14 17
11 1
30 19
30 53
34 34
10 49
70 65
64 26
X
5 26
79 59
17 60
57 45
30 84
41 56
58 38
50 27
70 56
79 62
91 85
52 57
91 73
82 14
1 0
25 29
41 60
74 88
16 66
24 82
24 41
76 2
47 87
90 53
34 58
84 34
15 79
67 75
5 43
25 40
24 81
54 15
90 56
49 22
83 64
82 34
84 70
90 71
97 12
77 63
55 12
10 8
59 76
92 63
50 56
87 86
37 81
91 31
71 73
6 55
98 38
61 23
8 53
3 6
81 87
86 40
62 76
27 9
24 93
9 83
19 21
7 96
3 1
79 17
36 26
14 93
55 78
18 43
74 10
22 77
84 16
66 46
71 46
25 12
53 43
55 21
9 80
93 24
30 23
47 10
94 94
95 27
2 28
10 61
32 18
92 20
4 80
40 10
96 96
17 8
27 80
15 21
26 75
94 56
27 75
48 66
16 6
97 39
97 47
24 98
98 10
7 58
1 57
47 1
64 24
58 9
27 40
65 61
35 86
58 47
67 31
39 50
23 15
84 3
85 33
40 0
77 71
50 45
17 95
1 23
87 81
28 75
60 3
8 86
26 83
5 6
32 50
15 98
57 43
74 61
42 96
57 22
98 1
26 24
22 67
2 47
57 31
27 57
1 15
4 77
25 81
25 85
45 8
4 89
87 54
73 20
64 98
11 42
17 97
84 38
44 80
56 47
80 90
78 64
90 32
68 90
12 64
43 30
7 21
53 29
37 6
78 44
32 88
87 93
23 76
8 13
22 60
31 22
28 23
13 39
68 61
87 79
76 29
9 51
2 52
97 1
0 10
89 37
45 51
53 60
43 25
34 57
60 66
61 78
21 63
90 64
95 55
29 66
92 36
9 17
75 34
11 85
47 45
25 86
72 69
51 96
85 61
10 90
75 35
18 74
20 76
86 70
67 46
50 86
89 66
80 60
59 26
67 73
67 95
98 48
19 65
60 67
81 23
32 39
71 89
70 98
50 33
94 15
63 46
16 34
25 76
28 33
38 52
3 50
82 51
78 90
17 2
10 13
12 0
90 57
89 33
85 68
34 76
16 71
3 84
72 10
73 70
56 36
58 32
51 73
50 12
5 37
57 87
85 83
92 42
69 71
49 87
89 84
21 34
48 92
94 20
17 12
63 71
19 33
3 5
94 4
75 70
89 25
39 0
32 14
74 46
2 30
11 90
32 65
25 89
50 49
39 47
29 78
91 62
69 17
37 7
43 14
55 59
79 50
58 62
8 23
41 74
72 19
12 86
33 32
65 98
77 87
84 59
68 22
17 93
36 37
89 28
39 46
57 72
67 79
66 81
20 96
X
48 29
69 50
79 69
55 23
75 24
63 54
26 45
33 69
30 14
50 37
26 46
45 61
53 85
56 6
24 97
25 49
8 15
71 8
64 11
38 20
10 10
19 69
1 90
8 38
31 34
12 60
32 59
59 25
85 29
73 36
66 63
37 16
41 22
82 33
58 14
13 71
95 96
55 56
82 8
91 66
38 61
10 88
43 54
18 12
52 34
22 76
68 71
69 73
28 13
9 82
90 22
55 24
20 66
76 83
32 0
19 35
79 71
88 65
56 86
27 48
36 19
73 61
73 71
82 77
7 78
50 46
56 88
28 1
74 51
49 80
22 23
2 38
48 78
43 57
5 3
63 6
40 56
42 15
72 37
20 23
30 91
66 22
71 63
61 24
18 0
53 49
19 82
76 84
97 70
15 51
73 25
2 97
70 36
60 64
4 81
71 55
65 18
74 48
10 34
57 91
83 24
88 56
76 76
50 81
95 31
50 34
75 55
90 40
58 33
69 96
42 13
74 30
62 27
83 93
81 14
97 93
83 98
35 60
38 59
72 95
34 32
96 85
3 91
42 61
42 83
5 8
95 28
83 12
68 72
56 25
27 46
4 44
52 7
42 25
47 48
51 57
72 56
X
78 95
63 79
70 3
4 19
12 4
23 60
51 71
46 87
27 5
17 33
89 70
36 44
89 81
98 81
0 81
54 57
80 95
48 33
90 93
30 74
13 84
62 73
92 14
7 32
74 29
34 91
95 89
77 14
40 20
85 40
62 16
69 59
52 42
58 75
46 91
44 22
20 92
82 54
63 64
15 75
45 95
32 28
29 36
89 43
45 92
69 52
57 4
17 48
94 6
42 76
27 67
74 95
51 8
49 20
66 87
44 87
37 42
98 49
95 59
56 3
55 40
18 52
2 1
15 2
33 23
28 60
23 71
52 22
36 16
77 42
40 47
91 25
56 23
94 64
5 93
64 57
45 25
84 62
26 87
28 77
61 27
32 55
54 76
54 40
34 45
40 86
59 48
57 7
95 74
25 59
9 91
32 51
41 68
23 6
39 66
28 2
9 19
0 46
61 25
39 19
46 30
5 16
10 59
28 3
27 27
58 64
9 26
81 17
40 40
3 25
57 6
15 42
93 68
18 7
40 88
68 11
95 62
24 44
74 40
71 93
77 76
73 75
74 73
66 55
22 40
7 67
81 26
51 56
44 21
54 18
89 36
61 2
7 92
60 26
6 20
56 49
19 78
85 86
9 15
88 64
2 29
28 67
55 6
20 22
70 97
85 34
32 80
21 44
63 84
48 69
6 53
59 74
97 96
84 47
66 43
47 21
50 70
7 26
34 36
91 75
70 59
13 26
44 38
97 86
7 86
89 42
79 34
31 81
52 89
11 87
27 66
78 2
93 33
92 93
34 64
51 95
50 96
79 45
35 79
22 20
57 74
66 33
26 59
7 61
7 74
13 96
15 47
79 92
85 10
64 3
85 22
39 22
45 42
54 36
58 71
75 62
77 70
76 59
0 48
54 28
43 74
37 62
66 28
30 21
72 65
33 88
27 87
96 84
90 43
88 94
65 47
80 48
3 51
48 35
30 25
44 34
28 44
30 16
35 94
59 52
51 49
46 61
90 74
83 50
53 96
69 2
58 55
36 47
25 88
73 52
25 55
23 65
2 24
8 84
97 48
17 34
83 97
24 83
82 26
56 46
48 47
25 31
29 18
9 41
34 71
13 94
34 92
17 75
70 14
88 55
57 95
24 43
21 74
16 7
37 37
81 97
41 82
88 33
16 4
83 28
18 45
38 11
76 20
94 32
2 18
21 95
46 75
25 4
74 43
95 30
18 79
16 48
76 81
9 85
76 64
53 46
21 98
49 74
18 34
38 35
43 56
72 58
90 54
55 71
67 8
98 24
37 59
41 9
29 45
61 90
12 23
84 82
96 15
67 38
68 88
23 61
43 2
56 73
7 93
39 25
77 44
6 50
64 41
49 19
52 61
8 36
67 23
78 34
43 65
47 71
91 68
35 64
77 4
57 40
84 64
62 57
94 89
39 29
45 10
96 10
37 1
60 28
14 95
94 74
58 77
2 58
17 77
48 44
27 30
32 81
45 27
97 72
1 69
55 90
48 67
67 84
31 45
65 9
61 57
4 55
75 79
97 25
31 20
93 16
39 43
50 6
51 53
74 23
12 84
60 27
12 19
19 93
92 41
31 74
7 18
51 77
78 60
66 80
93 54
84 40
59 79
3 49
84 73
66 47
93 77
60 33
26 64
53 27
6 38
26 23
48 15
23 80
85 78
45 66
88 58
52 38
3 58
88 26
31 90
90 41
93 51
60 0
38 78
89 67
74 56
17 15
16 55
1 24
19 88
35 7
40 55
83 23
38 23
35 11
10 40
2 32
13 28
19 89
92 43
92 39
13 83
74 37
57 94
38 41
24 9
70 43
28 73
3 82
33 59
3 34
55 98
98 41
38 81
28 4
5 22
29 31
4 59
91 83
94 23
33 93
74 25
45 41
72 94
5 84
34 20
53 72
81 1
55 38
32 17
1 92
47 29
10 2
88 7
5 40
57 44
37 44
3 16
43 86
10 87
14 27
98 84
3 17
62 6
87 30
21 62
4 22
30 4
92 33
56 24
82 23
77 59
79 83
75 8
52 8
21 96
8 20
15 59
97 80
37 46
97 79
68 94
79 31
1 12
41 93
85 7
16 56
90 12
7 12
67 76
68 49
51 21
81 73
48 88
55 69
12 87
36 22
20 82
98 62
68 50
20 83
46 15
43 96
34 46
75 76
78 66
89 6
66 92
95 97
6 74
69 1
21 39
48 89
12 90
6 23
60 41
6 60
92 45
59 10
88 54
23 79
22 71
63 31
59 39
10 55
39 80
18 96
74 36
92 54
15 4
90 84
62 48
10 18
37 11
88 93
17 80
52 19
17 10
42 66
7 40
73 88
13 62
83 46
82 50
7 30
89 26
20 52
73 96
42 86
30 80
69 94
19 16
38 53
61 64
95 71
75 53
79 72
33 60
97 63
43 64
76 51
13 22
78 81
74 98
73 30
75 6
98 80
72 44
X
26 62
17 65
20 71
23 39
57 79
63 29
26 15
44 26
1 81
34 26
0 76
24 33
49 67
98 21
44 6
3 69
18 13
22 72
83 57
74 94
98 85
37 17
1 35
3 40
52 44
74 5
37 93
40 35
77 53
81 56
79 16
41 47
26 34
72 57
97 49
54 37
92 30
24 25
63 56
4 30
43 10
72 46
57 82
45 63
70 10
85 32
57 78
95 40
71 76
17 88
45 1
19 7
65 59
72 64
25 98
89 38
94 80
9 45
19 46
23 59
9 39
18 81
19 68
86 22
23 19
33 13
77 34
33 35
54 73
37 56
55 39
93 21
50 11
49 70
73 1
12 68
63 65
63 92
11 89
78 86
45 93
40 89
59 59
42 62
22 12
54 46
97 58
13 56
39 85
52 78
47 46
60 59
37 94
65 38
50 71
53 7
97 94
32 64
9 10
45 33
89 91
85 98
15 54
7 90
49 23
23 74
28 59
14 59
7 27
2 72
93 55
93 4
56 68
89 52
14 97
70 5
55 80
8 71
13 75
37 20
96 21
95 69
65 12
98 13
13 81
14 79
47 43
32 85
80 9
22 4
53 50
38 63
88 43
42 43
64 64
79 88
19 56
18 56
11 67
56 85
56 12
37 14
62 36
56 4
70 24
60 18
4 10
13 25
20 35
11 41
69 67
78 61
64 6
89 80
78 46
88 31
96 90
19 9
53 97
69 54
40 5
34 63
93 81
16 27
41 84
79 33
50 17
93 63
19 8
8 48
80 68
3 70
24 35
54 92
91 14
29 1
58 61
38 73
26 54
94 43
45 75
3 68
33 67
78 17
39 39
63 72
6 12
34 22
32 19
91 65
40 76
42 47
78 9
7 94
72 86
24 47
54 93
55 70
27 62
66 19
63 93
12 73
51 69
15 5
77 92
14 8
17 1
64 10
91 15
10 69
90 18
76 88
91 26
16 76
81 8
76 89
88 35
24 4
22 68
35 15
15 17
47 12
10 60
73 5
54 48
47 76
53 5
65 42
84 35
16 86
53 81
84 94
47 9
15 35
71 97
3 23
14 5
X
17 11
6 88
94 25
22 61
X
19 83
8 55
33 28
65 96
36 43
61 49
45 81
47 79
62 90
84 50
83 92
92 38
67 30
38 85
95 75
37 89
54 49
88 63
7 81
89 93
18 25
28 29
44 93
13 97
13 53
60 90
68 91
15 39
59 89
12 77
79 22
94 31
16 88
30 85
62 60
29 55
70 12
78 23
6 77
84 51
75 25
12 38
21 12
9 2
31 36
89 13
98 33
39 73
52 25
48 53
3 63
4 43
87 34
83 49
50 85
97 68
97 37
42 93
15 38
83 34
X
4 84
23 92
23 27
34 79
33 21
59 46
51 80
89 86
61 93
40 37
17 9
85 82
58 10
34 49
39 38
25 72
74 34
79 68
56 45
76 65
14 91
87 15
21 82
8 31
85 92
59 72
9 92
24 89
82 47
57 53
0 59
63 12
59 80
36 89
62 65
5 18
81 88
85 59
58 25
12 48
34 78
88 45
55 33
76 18
11 17
35 14
33 63
68 16
44 97
49 18
28 31
91 24
16 54
84 18
4 31
0 70
65 71
46 28
78 18
43 55
82 70
67 40
64 43
54 14
64 86
83 83
87 57
24 60
X
68 39
42 38
8 81
1 43
76 34
80 98
53 87
97 17
71 0
81 98
6 1
35 26
45 7
52 75
25 75
1 45
43 13
79 20
28 8
36 27
92 6
37 76
40 52
37 95
98 7
21 8
47 38
90 30
19 17
14 15
48 52
16 79
24 67
67 91
93 62
75 44
63 77
49 37
12 71
3 15
21 42
44 31
14 57
95 68
80 82
27 28
57 63
32 90
30 93
22 98
90 31
71 47
8 10
96 75
10 64
36 23
16 77
62 56
44 68
6 33
79 54
84 83
33 70
37 98
25 33
52 82
29 29
30 9
49 75
15 22
34 59
83 96
21 33
62 35
49 53
33 42
26 42
97 53
85 44
42 65
22 93
90 34
6 14
37 35
55 45
72 73
38 96
68 26
30 29
67 54
63 44
7 91
1 88
40 7
62 69
10 11
79 11
6 25
63 17
44 49
47 58
85 55
16 57
43 63
16 11
73 14
87 55
22 19
35 85
15 6
54 43
4 40
60 60
4 7
80 23
21 46
10 72
41 73
20 74
84 76
32 47
59 83
43 32
44 91
78 10
8 21
6 16
41 65
98 79
88 27
19 24
9 43
97 3
12 22
20 7
35 68
89 49
73 18
68 87
1 65
85 72
68 29
37 26
87 98
71 50
29 33
13 11
77 33
0 11
45 14
21 66
65 66
95 85
53 75
8 66
19 67
98 61
39 71
84 61
12 65
66 21
3 93
96 53
41 45
16 74
84 89
16 95
25 25
72 2
90 13
68 41
10 9
74 19
83 14
58 46
1 9
80 55
7 3
82 82
1 87
25 42
45 67
28 22
4 93
80 7
17 13
70 9
67 4
44 33
14 60
38 57
59 3
85 79
41 26
9 65
43 31
88 46
5 7
35 31
11 12
22 74
12 79
53 89
6 54
32 82
19 18
96 37
72 21
23 73
80 86
56 79
79 32
54 27
72 55
35 56
45 39
54 7
87 41
39 61
46 48
97 85
4 78
5 4
44 47
13 82
32 16
10 27
56 48
75 0
63 48
47 39
17 64
19 10
86 11
81 6
55 47
72 52
33 86
25 83
13 29
34 70
18 6
20 51
75 87
84 9
3 38
59 65
23 3
87 23
76 14
19 6
20 17
13 63
87 4
51 2
92 34
80 89
79 64
10 1
50 91
26 98
58 40
4 4
23 70
82 83
25 56
48 19
86 43
71 2
87 87
51 20
73 23
43 84
17 61
48 30
47 96
88 71
43 22
23 77
42 2
5 56
21 56
54 32
47 51
37 63
73 53
31 21
4 95
29 9
37 0
68 93
90 95
50 50
71 65
13 44
92 7
12 24
52 33
92 35
23 78
61 84
97 41
41 37
93 70
25 27
16 80
58 59
44 71
1 13
51 76
93 71
78 47
2 80
57 86
22 63
81 67
57 20
53 23
23 31
18 51
11 76
24 11
28 43
4 60
12 12
45 80
62 64
7 50
89 68
23 64
74 82
94 45
42 77
68 70
46 20
81 11
67 53
81 75
54 97
58 90
63 58
67 29
21 23
46 56
21 60
82 81
74 76
42 59
3 94
51 40
50 74
10 14
36 63
14 71
52 64
49 7
94 12
87 90
48 58
2 88
81 68
53 53
27 45
18 95
49 40
73 87
4 97
55 62
49 55
46 71
13 73
61 54
57 56
47 11
2 90
80 49
77 68
58 34
15 94
46 17
2 70
48 28
51 7
11 37
19 19
54 4
45 83
19 72
2 96
79 91
42 91
71 54
66 93
90 37
86 78
22 53
55 77
32 67
43 5
92 12
90 86
51 5
31 70
88 78
5 66
94 30
7 11
60 16
53 78
89 56
13 76
18 82
47 80
43 3
86 35
10 44
38 84
69 35
5 12
35 47
36 21
3 9
54 47
95 90
18 1
95 81
39 62
53 79
24 3
51 19
43 58
88 88
X
15 18
26 31
8 28
98 25
12 30
36 78
35 74
38 18
49 16
86 62
97 69
81 92
86 80
72 60
3 96
3 86
47 40
28 41
9 71
14 49
X
3 54
14 85
86 94
50 80
29 77
51 60
81 10
43 34
70 4
56 81
31 66
19 23
44 95
35 27
73 76
43 81
29 73
86 8
86 65
47 31
47 54
21 45
30 8
30 32
90 83
95 26
12 63
41 69
51 10
14 64
18 72
26 32
93 12
15 87
17 27
48 59
11 88
32 74
60 54
69 97
66 53
37 45
66 62
16 21
34 39
53 57
7 19
45 28
3 80
22 87
2 81
36 79
2 46
18 10
44 36
26 97
15 76
87 94
14 83
19 79
44 35
46 10
29 67
40 69
40 84
26 49
43 23
29 83
51 23
98 45
38 55
62 46
11 63
68 4
86 19
85 39
81 91
61 66
47 94
64 78
33 52
28 71
93 13
10 42
82 38
71 36
49 36
95 37
70 62
53 6
88 18
39 79
32 49
75 60
83 68
26 86
92 89
84 72
19 66
72 8
70 96
78 11
68 10
77 98
69 51
81 74
72 22
67 52
90 98
69 79
34 50
7 29
91 46
72 59
10 12
81 83
85 41
22 48
0 20
17 35
57 77
54 95
54 82
20 1
7 35
72 30
33 71
65 31
53 42
80 11
46 89
93 42
55 29
91 1
3 24
66 90
17 70
62 70
35 21
92 0
56 55
57 83
45 94
88 11
56 2
50 5
6 86
5 31
84 57
73 10
32 70
54 45
0 47
96 22
2 23
85 17
72 67
46 31
81 34
61 9
91 42
49 93
50 24
55 72
33 62
84 69
26 20
83 5
12 98
78 52
36 76
6 79
21 47
65 43
45 49
56 26
68 78
34 69
70 26
24 30
78 84
22 31
84 85
60 17
30 56
6 56
24 71
19 45
47 65
83 69
4 73
71 29
69 91
51 35
13 41
98 15
64 80
68 54
86 20
62 62
52 95
80 5
49 51
40 36
50 57
52 5
46 96
0 66
36 41
37 33
18 11
80 69
55 1
28 7
31 87
71 38
37 19
5 47
4 48
61 8
73 33
74 81
73 85
44 59
11 47
13 46
94 81
14 47
4 27
93 35
80 57
26 10
48 14
19 12
18 93
15 63
22 6
47 41
54 69
4 0
29 23
75 17
44 27
77 29
21 59
70 60
69 70
45 85
84 84
69 65
53 68
96 42
34 25
94 2
84 24
34 17
48 91
31 46
44 75
56 98
63 45
13 12
12 20
29 98
81 24
85 38
45 71
89 44
27 44
81 69
69 38
91 18
70 83
64 17
7 8
75 58
2 55
66 20
22 17
57 26
48 86
43 69
35 33
45 0
36 61
35 32
59 15
48 70
3 67
52 90
78 3
61 63
73 29
3 76
43 77
8 64
12 10
93 41
89 5
7 17
37 51
68 96
97 50
84 32
16 65
2 54
54 10
63 94
34 86
10 73
56 58
23 94
49 44
61 88
50 35
62 50
29 43
30 5
89 40
21 19
82 46
11 2
9 64
14 84
X
46 42
27 20
41 41
0 22
43 24
21 53
1 94
83 62
5 38
35 70
86 73
61 39
71 37
1 29
34 31
62 12
15 97
42 9
36 64
23 23
51 58
71 95
77 61
89 8
20 21
40 59
49 88
84 4
54 20
78 78
37 22
86 56
15 15
50 73
37 28
60 89
33 89
4 96
13 70
25 24
69 30
13 74
59 84
9 72
58 69
35 82
15 16
44 18
6 89
83 6
93 64
2 60
39 75
63 53
43 89
4 61
20 79
57 38
55 25
13 91
40 51
73 82
16 0
21 71
49 79
70 71
17 58
50 41
13 98
11 73
47 16
57 11
66 74
14 50
6 49
91 57
44 32
18 22
75 56
31 35
36 28
80 88
82 75
12 61
6 3
56 82
62 37
2 67
38 79
49 15
34 89
91 97
36 14
62 89
62 92
15 48
18 40
69 46
55 4
3 39
12 16
2 51
15 41
50 30
10 54
36 56
93 76
47 97
26 5
31 55
27 73
15 90
95 57
94 58
17 25
74 58
55 20
32 97
78 19
86 32
76 4
4 54
95 12
14 65
83 32
20 25
66 26
6 76
96 94
56 61
24 52
95 87
3 64
41 18
26 35
49 42
50 78
71 1
73 13
37 90
71 92
2 45
29 21
54 24
29 28
43 80
42 87
52 23
78 87
60 57
65 30
76 49
38 21
84 20
34 48
29 91
58 97
65 37
8 97
65 87
65 7
88 17
21 27
82 32
22 97
16 33
89 32
22 33
6 24
17 57
82 57
90 15
75 52
24 87
26 80
82 86
29 46
93 39
18 9
39 87
56 14
32 21
94 22
26 7
6 10
5 39
68 56
2 26
41 62
42 42
45 77
46 3
98 74
66 89
62 24
44 17
17 51
25 23
25 47
78 70
22 38
42 44
97 21
38 95
29 71
73 39
42 92
26 38
X
11 53
81 71
57 27
43 33
10 77
48 2
98 53
47 82
11 10
59 86
79 2
36 40
78 91
9 54
41 44
77 54
46 41
66 42
97 84
14 70
13 24
85 54
93 67
74 9
75 43
62 23
29 39
48 41
48 37
23 36
16 51
X
51 68
81 93
67 87
94 63
4 87
70 57
88 87
96 78
67 51
5 96
15 33
83 82
22 85
34 55
70 89
76 92
62 28
92 15
57 46
58 96
76 15
81 20
8 25
69 95
82 91
63 81
12 67
79 3
49 52
9 79
1 58
74 97
54 3
0 93
49 97
96 64
76 67
87 6
3 72
86 36
67 43
63 37
91 56
17 89
40 16
13 17
25 21
79 81
14 61
27 33
66 94
15 1
74 75
9 14
5 13
41 66
96 29
75 54
12 69
0 58
88 22
95 56
95 24
50 21
27 43
95 80
53 83
35 71
50 77
59 23
16 96
39 23
48 42
5 41
42 39
19 41
2 66
5 95
56 90
81 13
95 49
6 43
55 61
51 17
46 50
96 74
12 37
20 20
83 84
61 67
90 91
58 92
48 48
98 94
33 34
79 94
63 28
8 17
57 39
92 31
40 1
23 58
11 30
35 81
38 77
63 78
21 87
45 59
93 88
75 36
6 15
61 70
28 66
93 80
97 8
98 67
4 37
57 12
83 13
25 92
11 39
54 50
11 21
26 33
18 54
51 62
88 16
60 62
6 41
25 41
68 38
25 93
83 79
46 95
63 61
11 68
18 16
82 80
27 86
38 67
90 24
41 63
8 7
70 21
20 57
82 15
23 8
76 90
13 7
8 92
17 52
7 82
15 20
36 66
89 14
38 60
95 1
60 84
17 26
35 57
62 8
72 71
46 44
36 65
14 2
77 20
23 4
59 88
77 2
55 54
41 86
76 41
35 83
66 6
48 54
93 6
39 77
87 36
78 94
75 63
23 38
1 93
76 58
6 8
26 14
26 40
27 22
47 55
9 21
93 40
98 44
90 50
98 91
24 17
84 28
12 88
75 37
5 5
8 2
69 61
47 56
32 63
5 59
81 7
6 87
38 91
13 35
78 55
31 41
73 21
70 94
21 78
47 34
72 40
46 9
92 55
63 3
8 34
94 68
77 55
35 0
5 53
48 34
93 29
15 84
67 9
41 81
33 94
66 84
74 93
33 39
48 32
70 50
8 39
4 53
80 10
75 9
24 24
94 0
7 66
4 56
40 79
57 92
58 60
59 47
23 42
34 7
94 35
12 72
18 98
78 4
89 85
12 34
73 34
19 77
31 18
65 93
45 86
96 39
78 1
28 26
16 49
65 89
29 57
51 54
72 70
41 36
79 29
67 80
42 89
88 0
35 93
91 76
66 60
12 56
27 1
4 15
59 36
91 43
49 82
33 47
30 90
6 45
21 85
12 39
60 78
32 42
43 8
11 43
71 57
42 17
81 18
17 29
25 11
22 57
48 63
24 34
96 91
19 43
63 15
33 24
12 91
16 60
47 35
44 15
8 3
55 16
35 20
77 79
89 96
49 96
80 4
23 33
52 54
81 54
42 14
10 98
27 76
89 97
48 94
69 58
55 34
66 65
84 23
51 33
82 93
45 58
19 95
69 40
95 45
91 5
16 14
54 89
58 83
89 98
79 46
12 21
98 96
2 27
79 7
50 47
34 33
49 34
33 36
34 38
6 27
67 48
61 71
47 47
85 31
79 79
25 36
44 11
84 60
21 40
90 97
9 66
29 22
5 58
91 58
80 64
77 50
7 15
27 7
2 12
49 4
59 61
51 63
92 3
35 18
40 33
39 5
93 30
92 37
80 15
41 40
38 28
4 33
97 24
8 26
64 18
67 10
73 42
58 11
63 83
13 72
87 91
63 98
96 48
20 8
29 2
8 95
46 12
34 43
16 1
13 78
55 43
9 86
41 50
46 80
75 50
56 5
44 56
46 66
65 83
80 63
23 82
77 16
93 83
68 55
4 12
86 2
58 24
40 74
69 20
45 16
0 96
0 52
87 22
89 94
95 9
9 20
1 55
72 35
75 74
67 25
89 1
5 50
74 35
88 67
5 67
88 68
91 82
68 30
54 12
26 66
96 55
17 69
82 98
61 91
21 9
7 14
12 58
30 75
57 5
20 4
26 77
37 49
73 7
53 82
7 76
32 79
37 83
36 15
75 80
18 63
83 9
46 81
42 79
25 80
61 11
81 19
60 6
83 47
11 15
44 40
61 76
78 21
74 60
14 13
82 88
10 92
48 75
92 13
89 45
81 45
90 39
19 25
89 77
87 19
3 53
54 94
64 90
25 50
39 83
40 11
65 76
47 88
49 50
57 10
59 35
44 83
74 77
78 88
93 57
83 88
15 55
39 34
77 66
36 32
49 2
7 95
45 79
41 83
26 30
23 13
X
3 95
86 9
98 17
87 71
85 64
29 40
72 25
89 41
60 92
27 2
14 81
4 86
63 42
8 4
25 57
17 23
85 67
7 25
66 88
88 4
67 92
12 33
98 86
10 74
35 89
60 69
65 34
71 43
12 42
91 70
77 30
61 48
48 23
93 82
23 68
24 92
96 9
21 91
26 22
6 80
50 88
94 57
12 11
82 96
81 80
85 62
93 38
35 58
36 48
66 52
44 77
33 37
44 63
78 67
96 56
77 3
6 83
47 91
74 45
72 33
34 11
21 43
41 70
14 10
69 29
39 59
49 60
49 62
54 77
47 36
51 64
30 28
93 94
83 77
29 89
83 25
86 81
46 65
67 21
28 81
57 96
39 84
69 74
84 66
19 52
39 30
72 20
95 58
18 15
55 41
26 55
77 75
95 94
76 16
24 46
20 53
67 58
95 36
94 9
64 60
44 88
54 11
16 40
31 80
56 27
0 82
73 57
56 0
96 41
45 13
26 3
42 1
52 59
35 88
68 82
43 39
42 18
27 23
0 9
61 92
32 40
82 56
13 18
20 93
80 21
3 11
74 4
77 80
75 7
83 80
43 79
9 50
67 59
72 26
82 16
11 16
58 81
28 14
97 82
49 85
30 2
84 37
42 90
49 13
57 88
9 47
49 89
76 21
81 47
62 30
22 15
33 72
79 60
76 19
72 9
59 95
70 48
92 66
56 38
24 70
70 41
70 66
34 21
4 67
8 22
X
77 10
29 19
54 19
75 61
85 85
5 17
48 46
96 25
37 73
35 25
9 9
1 61
40 45
96 70
93 72
18 3
78 12
10 94
15 82
47 98
88 90
15 26
21 64
52 41
6 72
51 90
45 90
38 48
65 56
75 57
80 13
24 37
28 46
X
48 18
64 55
26 43
78 56
43 50
8 54
9 18
4 34
23 1
28 12
5 91
51 47
21 14
50 65
17 73
97 38
31 1
46 52
84 98
37 13
40 85
70 13
71 64
68 17
12 40
78 96
91 60
46 88
50 68
38 64
79 24
67 94
14 24
43 20
90 5
73 19
46 32
24 85
5 82
75 73
16 52
40 87
85 63
40 44
83 74
53 73
39 55
96 76
42 94
4 74
74 78
5 28
25 77
72 32
25 82
74 54
95 41
16 68
46 94
86 77
87 2
19 53
20 34
41 5
83 75
47 92
38 65
42 16
31 68
11 28
7 70
23 97
86 4
6 7
50 63
75 65
68 23
22 92
43 93
7 56
16 47
23 55
5 19
18 60
47 44
86 46
39 18
59 64
5 42
73 49
85 13
56 84
22 96
0 57
69 78
34 85
66 27
26 61
93 43
96 28
26 9
8 16
6 81
8 74
21 38
86 13
49 21
41 46
16 70
88 57
14 52
38 30
6 46
55 31
1 82
13 10
52 92
32 36
88 82
76 25
35 8
61 28
17 42
48 93
9 68
50 8
47 89
39 27
61 60
23 44
15 92
15 78
87 84
18 64
21 57
47 93
68 25
81 30
49 28
39 58
22 58
59 22
22 2
17 79
42 70
50 39
56 11
65 52
67 96
47 20
62 41
90 52
80 70
65 10
95 2
38 13
70 28
84 33
84 88
66 57
21 52
5 48
48 51
98 66
74 50
49 86
69 80
80 66
45 21
7 87
7 59
58 23
2 14
50 51
25 20
46 16
95 92
33 33
28 30
79 86
71 31
3 22
56 20
91 30
73 50
32 37
31 97
5 86
39 65
13 4
86 82
63 86
53 25
64 44
55 22
23 56
8 94
63 27
81 90
5 44
77 81
67 32
39 93
43 15
85 36
69 57
57 41
40 13
8 9
75 64
7 47
36 77
0 64
43 18
48 8
34 47
64 95
48 68
12 35
79 37
33 50
97 32
65 57
88 25
55 11
46 34
50 2
65 4
69 89
26 89
12 54
73 54
73 51
78 72
14 36
44 10
37 29
20 69
22 55
65 95
50 66
4 72
66 54
9 59
54 44
21 97
16 18
70 23
24 50
83 18
55 89
27 31
18 92
39 1
64 91
57 52
51 48
12 15
85 9
75 16
39 49
37 86
42 81
46 54
71 82
50 3
86 21
33 55
46 59
5 89
19 92
10 46
7 48
11 25
24 40
25 68
8 65
59 28
98 46
34 56
31 8
26 29
64 39
87 77
67 24
29 49
9 90
66 2
98 2
37 25
7 37
27 59
6 9
8 68
43 9
14 58
64 42
71 33
43 7
62 61
65 70
36 29
22 54
18 14
45 47
72 48
72 14
53 92
43 29
34 40
47 49
46 40
56 71
58 76
23 91
66 31
46 76
9 69
79 89
82 3
28 28
31 38
46 19
70 49
92 82
29 74
38 97
48 64
71 35
71 60
97 33
9 70
71 10
38 34
98 47
51 65
81 49
86 12
59 4
24 45
16 35
80 61
42 11
6 4
7 5
38 6
14 63
34 81
42 20
5 14
36 57
96 80
71 48
94 53
29 0
43 16
91 55
97 23
45 22
8 72
9 55
66 41
74 85
38 36
35 65
41 87
53 47
66 86
22 22
79 57
39 67
4 66
23 50
39 89
62 29
7 98
81 2
14 66
62 31
7 16
66 72
74 31
68 28
17 98
88 8
71 44
7 65
37 47
86 63
X
38 90
30 47
74 59
28 76
38 76
42 56
74 49
32 62
25 52
52 30
16 12
77 31
79 21
82 67
73 38
43 6
72 39
0 14
37 64
6 64
62 75
30 78
37 18
30 94
83 1
59 33
65 39
20 44
79 36
68 47
0 77
56 51
45 53
46 36
29 82
15 58
9 95
72 7
75 93
5 64
37 96
79 19
36 60
77 64
78 63
72 4
52 17
82 35
70 7
41 88
90 20
19 11
77 88
5 52
85 28
51 30
13 34
91 22
29 32
1 70
82 5
3 10
83 22
72 24
38 83
73 78
21 58
62 17
6 13
7 83
75 45
46 55
94 72
6 22
37 80
18 29
3 19
15 9
42 57
48 87
82 21
76 57
20 40
95 42
1 66
30 79
85 76
44 28
77 15
67 50
8 75
9 87
82 13
66 95
87 12
94 3
86 7
74 32
13 15
28 17
41 89
32 1
53 48
63 49
76 79
30 24
90 23
44 1
89 34
48 49
63 2
92 56
5 30
47 77
44 39
33 91
36 80
5 68
25 69
84 80
8 11
1 73
72 31
53 56
25 44
16 59
55 51
98 92
3 21
63 8
85 70
81 22
65 23
65 33
70 81
77 93
91 67
5 98
66 73
24 48
16 9
72 96
6 5
58 53
93 89
84 10
75 28
8 32
14 25
33 92
58 84
11 46
23 24
54 87
75 75
54 26
29 5
53 67
25 32
82 7
15 95
92 69
6 65
24 56
36 93
92 59
30 77
88 77
34 37
41 3
16 69
18 73
20 95
37 12
9 32
82 90
15 93
X
50 55
92 57
10 47
66 44
21 65
86 79
4 6
22 66
13 50
32 38
14 38
92 4
41 23
78 37
95 11
35 78
75 32
44 19
14 11
55 36
97 54
1 11
58 6
31 79
16 16
46 7
50 76
40 67
17 90
34 82
53 2
42 68
48 81
55 76
64 37
79 96
12 53
38 14
64 58
25 6
26 36
2 19
24 19
94 78
53 62
35 72
89 55
71 28
16 5
49 68
15 69
57 65
81 28
20 78
74 20
9 49
89 83
46 93
86 76
93 73
55 7
4 28
32 20
45 98
81 57
12 93
14 20
27 42
46 78
67 72
76 17
X
83 60
59 54
53 95
37 55
56 57
84 39
88 52
78 71
88 23
41 15
91 19
81 36
22 41
56 41
64 29
47 23
90 82
73 77
86 45
43 82
83 20
54 91
38 27
23 81
30 97
2 34
16 98
95 10
65 32
78 32
67 60
30 52
48 79
12 59
79 40
43 60
66 29
26 88
57 9
21 15
88 6
0 21
25 17
50 53
87 63
86 44
58 18
25 5
51 22
63 10
33 46
90 94
45 11
77 78
31 37
67 98
96 69
2 87
17 78
61 62
78 13
96 93
5 32
38 25
4 29
98 95
14 55
58 42
84 8
64 38
26 48
44 84
12 27
49 24
85 77
11 29
25 45
82 53
78 58
79 78
68 53
65 72
56 93
26 8
35 77
62 80
98 3
31 17
53 51
32 54
27 12
80 36
13 49
22 39
44 70
12 96
96 33
68 37
24 16
86 31
X
13 60
48 20
90 62
32 29
67 17
20 60
8 14
54 74
66 50
49 54
94 54
30 46
97 71
72 75
80 56
22 32
32 87
37 60
31 50
81 33
6 96
61 40
91 6
42 48
76 54
84 25
54 96
9 37
57 81
92 88
12 85
68 51
86 61
61 56
93 92
77 43
2 57
13 92
1 91
8 82
67 16
40 90
92 91
43 75
2 35
78 68
36 17
51 27
33 43
51 39
63 26
66 61
79 4
7 41
52 40
97 19
33 15
39 63
64 48
22 43
4 13
66 85
8 18
56 78
44 0
45 35
38 50
5 71
66 59
19 76
32 91
93 2
59 81
4 20
42 67
75 71
86 23
48 40
11 97
26 84
6 39
29 76
38 26
1 63
96 54
97 87
73 44
38 71
28 62
23 12
27 53
62 49
35 9
71 27
79 82
75 94
70 63
97 90
50 59
32 35
58 67
59 17
16 29
35 23
8 5
8 78
20 67
64 45
32 25
37 30
73 0
0 72
66 96
38 89
83 89
79 65
77 32
59 45
15 57
11 70
10 71
29 84
23 43
60 68
83 10
77 58
4 63
71 77
6 93
83 39
38 17
3 57
49 30
54 80
24 39
2 53
79 47
80 91
39 16
88 12
28 69
54 13
65 46
49 27
27 68
36 42
35 67
83 91
41 85
73 58
44 24
47 62
4 38
62 39
61 37
91 0
6 32
8 87
94 76
38 66
93 60
49 65
63 19
19 91
11 24
35 36
X
97 22
66 25
64 25
42 75
77 65
68 43
79 56
76 72
32 34
23 84
9 96
79 8
91 84
39 35
87 92
31 23
39 74
57 2
44 29
28 25
45 15
91 59
40 49
9 16
23 32
66 39
64 75
30 1
6 52
89 31
22 7
30 42
40 53
39 2
65 45
32 98
39 37
27 61
11 93
20 10
88 92
14 53
61 61
30 60
26 60
86 30
45 19
36 74
55 87
69 44
12 89
70 29
40 39
84 74
27 69
13 48
87 51
29 51
16 91
95 53
95 46
25 87
40 38
59 57
50 89
63 57
91 21
51 52
31 33
87 33
91 91
28 61
59 85
98 26
11 20
20 32
32 15
64 46
25 46
3 60
86 98
78 65
45 68
49 49
88 66
57 80
58 37
62 78
69 8
95 5
58 3
6 30
4 23
5 85
77 84
91 93
73 46
37 41
8 6
30 45
93 32
44 9
21 16
73 73
97 13
53 66
76 73
73 4
50 13
10 63
2 13
76 35
7 51
35 69
93 3
70 42
13 21
18 55
64 89
53 3
11 58
31 67
72 68
90 59
38 12
25 91
14 12
75 89
10 91
21 1
54 41
72 45
60 88
56 60
94 69
34 52
16 93
43 70
31 63
36 94
11 19
57 85
29 44
11 82
73 56
83 87
25 3
21 41
20 98
71 71
94 91
57 55
22 8
49 91
40 83
80 58
91 96
78 38
97 83
53 77
89 0
71 13
61 69
95 23
93 53
74 79
X
22 11
1 44
82 39
27 89
62 59
92 60
26 13
77 49
34 67
61 41
X
35 29
87 96
3 85
78 50
97 9
1 67
16 13
80 87
54 88
18 57
3 73
80 14
36 83
2 83
96 63
97 10
88 51
90 21
98 29
18 90
12 74
48 12
0 86
43 91
73 27
90 36
90 85
69 37
39 91
71 74
31 47
84 17
20 30
69 7
51 3
27 81
50 75
7 72
78 28
14 34
23 28
33 7
65 5
4 47
82 55
25 61
59 69
88 49
19 54
90 44
95 93
35 50
86 5
47 13
7 88
20 9
80 97
12 78
40 18
73 9
3 29
77 28
81 77
81 50
32 13
89 92
14 9
69 32
97 55
28 19
25 66
X
96 46
71 59
66 4
11 60
22 80
89 57
9 84
90 67
48 21
80 33
30 0
11 64
13 58
78 59
32 75
66 30
49 8
1 46
83 16
50 90
59 6
41 1
97 64
98 9
45 56
58 56
85 66
7 52
98 4
43 71
30 55
40 73
49 35
78 29
32 6
96 44
54 70
57 84
11 65
38 94
75 85
14 54
65 88
8 76
98 65
37 84
94 29
45 60
69 26
2 98
54 2
53 93
8 98
69 23
46 45
41 2
4 39
77 22
53 39
55 67
45 88
15 7
49 59
95 6
41 8
6 97
96 77
76 70
49 3
58 43
39 36
12 43
80 94
0 97
35 45
2 73
16 17
12 36
12 92
71 72
56 53
21 68
68 31
X
74 96
72 43
12 9
19 13
46 46
63 52
98 64
75 40
62 94
83 17
23 45
74 71
93 15
38 49
28 64
47 95
48 76
80 31
96 38
71 78
76 62
78 53
73 45
50 52
92 16
59 37
9 57
69 28
31 6
1 77
26 50
82 17
37 61
73 81
44 57
55 91
38 51
79 67
6 36
8 19
47 50
19 96
18 2
57 68
20 45
17 72
47 17
63 11
88 84
98 87
53 4
6 34
28 70
78 54
43 88
70 73
81 9
62 10
8 85
3 98
56 21
15 56
60 73
63 18
53 69
84 12
49 69
3 18
37 52
10 39
74 83
93 28
5 78
69 62
65 60
98 30
4 58
43 61
44 69
58 41
60 22
32 26
21 4
30 34
14 16
4 11
68 52
82 97
24 38
15 60
91 13
14 33
8 63
78 75
8 67
94 90
17 4
60 35
54 72
2 50
52 20
89 76
89 18
91 37
87 76
2 61
38 93
38 47
78 24
59 27
92 67
32 22
2 76
91 27
18 26
53 26
59 75
97 34
43 21
88 91
33 75
20 13
10 25
29 34
76 12
68 63
21 20
29 6
49 11
45 31
93 5
20 80
95 25
49 47
87 8
63 1
62 15
41 13
11 98
96 59
60 40
88 34
46 38
49 66
36 84
60 23
58 86
20 24
82 10
5 0
17 55
41 77
5 29
18 42
56 10
86 60
80 79
16 78
23 41
66 76
55 92
20 59
78 92
58 65
46 82
12 55
37 23
8 8
86 33
27 3
88 14
60 82
82 2
80 3
36 92
87 64
68 44
97 44
10 83
36 85
7 77
48 72
84 77
44 79
42 37
4 35
87 45
91 35
24 29
38 56
13 54
51 24
26 81
20 56
39 31
49 56
91 7
87 50
10 45
66 8
21 73
14 48
7 53
71 91
63 82
81 58
74 17
27 77
23 98
20 38
79 9
55 0
48 74
60 83
4 65
93 31
92 68
85 56
92 62
42 3
60 36
6 67
21 25
90 45
7 38
13 88
3 7
60 81
41 76
22 47
43 95
11 9
82 19
77 37
42 19
1 51
65 64
45 52
48 62
77 41
41 49
30 31
5 45
62 11
57 28
77 73
12 66
3 26
34 14
74 0
86 29
94 34
18 33
36 70
26 6
64 5
22 62
93 36
59 70
12 17
87 32
86 24
46 62
8 56
53 63
44 25
82 65
3 81
34 74
60 61
56 43
11 40
68 79
31 0
46 47
98 39
22 79
96 14
87 82
39 52
30 87
23 11
40 24
29 56
84 86
86 88
41 21
65 53
66 98
74 86
17 92
20 43
89 51
38 7
26 18
37 50
47 22
32 60
2 56
25 60
10 19
98 12
40 34
16 15
8 77
54 29
4 5
23 95
7 33
25 58
58 63
59 16
28 5
88 81
31 69
8 70
5 2
0 94
32 23
54 79
97 27
5 88
84 29
57 62
95 83
87 17
90 35
28 45
22 81
39 60
3 31
95 43
35 80
39 56
2 77
71 56
8 37
77 52
69 6
83 33
45 46
85 6
9 58
8 83
40 41
25 48
66 3
84 67
19 34
2 33
16 53
52 29
90 58
31 60
26 82
5 49
2 64
15 37
73 22
37 34
46 11
57 3
30 35
25 39
44 14
95 38
79 49
73 24
72 27
55 57
34 18
27 49
70 67
51 29
90 75
84 14
54 51
12 2
75 13
10 23
70 52
89 46
25 43
96 2
1 96
96 71
74 55
24 23
41 90
11 71
90 68
12 82
13 95
68 89
95 29
38 29
20 3
52 79
69 60
80 67
54 17
16 41
38 80
73 80
48 17
66 10
11 62
41 94
13 8
12 45
94 21
70 91
7 49
72 87
83 8
63 55
21 61
35 43
95 48
69 9
24 55
61 80
X
X
82 25
75 21
56 69
94 92
57 34
X
34 95
X
X
X
X
X
0 50
8 12
4 76
X
62 51
X
43 59
59 40
X
X
X
27 78
X
93 78
2 86
11 61
20 72
58 7
83 95
X
X
52 6
X
81 25
5 74
68 24
X
X
42 95
77 13
44 60
X
60 53
X
X
X
89 53
X
X
94 27
X
X
84 65
59 92
85 20
32 31
73 16
85 80
75 91
X
3 32
91 98
X
20 14
13 77
X
1 64
10 68
24 95
X
4 49
X
X
23 37
7 4
22 95
26 41
87 49
5 61
X
X
91 92
X
98 78
X
X
X
X
X
X
56 33
X
37 36
80 22
39 11
24 84
1 68
28 50
X
X
58 85
X
X
14 19
81 96
X
X
38 58
X
14 69
11 56
X
X
37 92
77 21
77 24
44 48
10 84
86 54
X
X
26 78
87 80
3 27
37 87
59 96
X
95 47
X
X
X
37 66
X
X
83 26
97 59
33 18
X
X
X
77 91
X
X
13 59
67 81
X
11 22
X
5 10
X
88 28
X
X
87 7
X
X
88 53
17 16
X
57 33
11 59
46 21
X
90 76
X
X
66 40
77 56
77 17
34 88
63 7
14 88
X
X
68 98
X
75 30
55 82
43 62
51 34
X
20 42
58 57
23 47
21 94
X
45 37
X
74 8
9 25
X
X
X
X
88 2
65 65
60 71
X
22 44
X
75 51
82 31
10 37
X
18 59
X
24 53
39 97
18 75
X
24 6
69 22
0 69
29 4
X
55 5
84 79
64 49
85 25
X
17 14
X
8 49
69 68
60 56
X
30 39
X
71 7
27 58
X
47 6
X
57 73
3 12
X
91 16
6 94
X
78 31
X
24 94
58 26
X
X
31 26
X
15 64
90 63
X
50 72
15 91
36 62
56 9
21 72
X
X
78 35
X
X
X
X
X
X
X
7 7
X
X
67 39
24 75
65 49
41 48
X
X
X
X
33 64
X
93 91
X
35 62
83 38
X
29 68
X
55 88
63 76
95 78
X
25 84
47 70
47 52
92 92
X
X
96 49
X
X
X
98 71
94 55
X
51 51
95 70
27 83
26 76
X
12 6
34 41
X
X
80 30
X
11 69
X
X
28 58
X
53 65
X
87 3
60 86
X
X
45 43
42 10
41 57
30 26
X
X
X
X
48 85
27 34
38 37
X
44 90
20 27
X
57 23
X
39 17
61 53
X
X
31 71
X
X
X
52 91
11 33
79 61
13 87
28 91
X
21 29
87 43
X
20 55
X
1 97
78 79
X
X
79 84
92 22
79 10
80 1
31 25
4 94
65 62
61 29
X
1 27
32 3
79 87
29 50
40 9
0 98
X
X
81 48
47 7
16 81
21 21
X
X
X
74 21
94 44
86 83
X
15 10
6 84
X
27 74
X
87 44
X
64 59
17 54
X
78 15
41 92
63 38
11 86
52 21
63 75
73 35
X
X
82 74
43 37
40 23
19 73
61 26
72 89
X
X
53 61
X
X
31 92
53 80
58 4
X
67 74
X
X
X
65 90
75 33
8 40
39 44
X
X
90 46
X
X
24 36
X
87 85
8 30
X
49 57
69 83
X
39 53
X
41 38
23 72
87 35
X
17 84
X
56 42
X
X
X
51 50
93 27
X
37 77
X
X
44 50
13 14
X
36 45
78 14
35 49
70 80
44 54
X
94 46
96 89
X
11 72
X
48 45
64 96
24 26
79 14
X
49 12
13 33
X
X
90 70
X
X
X
95 64
45 40
X
79 5
X
10 93
65 17
7 80
X
X
44 37
45 24
13 79
72 72
20 58
74 87
X
X
22 69
23 90
X
X
18 62
X
62 25
84 78
28 49
69 72
23 75
X
38 31
52 52
25 53
46 64
X
X
X
91 44
94 70
X
X
17 7
71 70
X
X
86 53
28 80
53 45
39 57
54 58
45 82
82 48
96 45
48 50
X
18 28
38 68
70 46
54 90
X
X
40 12
11 91
77 69
30 98
X
43 53
53 74
X
X
X
44 96
16 92
5 55
27 21
39 90
X
80 47
X
X
42 36
X
76 23
30 15
43 1
74 53
X
X
73 86
32 2
5 87
X
79 15
X
X
X
X
X
55 85
X
10 32
62 88
X
X
50 79
59 71
98 50
X
X
90 51
X
74 92
90 26
X
17 96
X
X
49 14
4 3
X
10 21
X
70 31
88 41
X
95 77
X
22 30
X
X
X
95 14
86 41
13 86
32 41
38 33
94 77
X
54 86
80 65
78 82
X
X
X
X
20 70
X
X
67 77
42 5
62 93
X
X
X
80 92
76 28
X
64 72
67 26
48 31
X
39 68
X
X
27 98
94 59
X
76 53
61 47
X
X
63 25
47 60
54 1
57 90
X
69 55
10 17
X
X
31 94
X
0 15
73 43
36 52
X
X
X
54 38
X
X
48 60
X
X
42 7
77 45
87 38
65 48
X
2 49
81 85
X
X
X
61 85
X
X
31 57
X
X
56 94
5 20
34 65
72 47
17 17
X
X
96 57
28 42
44 58
X
X
9 67
X
11 8
80 54
X
13 40
68 80
40 77
X
96 32
76 71
36 49
X
X
X
66 66
X
X
X
X
X
36 86
X
29 37
X
X
X
X
38 1
36 88
62 9
X
56 87
83 40
12 7
X
61 65
X
X
X
X
89 62
X
X
18 5
76 24
47 59
90 0
X
31 32
70 32
90 17
69 90
71 32
7 2
1 19
17 5
X
X
18 65
74 64
8 47
12 46
65 8
55 46
79 75
60 29
81 86
X
14 18
83 86
23 2
74 22
50 7
X
33 17
6 90
28 83
X
26 12
27 60
X
59 38
6 42
95 39
X
X
17 6
23 35
X
15 34
X
X
X
X
97 67
35 92
8 91
6 98
X
33 26
X
97 57
X
94 37
X
27 91
X
X
23 7
X
X
X
8 50
X
X
X
X
82 73
22 13
X
36 72
X
56 29
X
X
X
39 51
X
35 63
X
29 42
8 93
85 51
29 75
29 81
13 23
76 78
X
55 19
41 75
42 78
66 34
33 11
X
90 65
15 27
91 34
X
70 44
4 69
X
X
X
X
X
14 7
13 61
98 31
X
17 20
X
X
20 73
91 63
30 86
X
56 31
85 52
26 73
58 54
48 56
76 87
X
X
52 18
X
X
X
X
X
X
21 2
25 30
X
15 77
18 19
X
28 74
X
84 1
6 21
58 80
30 37
X
33 66
6 85
X
3 30
35 10
X
X
6 26
X
53 59
X
41 67
4 50
43 28
X
X
X
67 63
75 46
39 21
X
50 67
28 78
X
22 42
35 39
65 69
83 67
39 45
21 17
X
X
X
73 59
X
53 28
X
X
86 42
91 4
51 4
10 67
X
X
X
X
X
X
40 25
80 93
X
X
X
27 14
X
X
1 72
67 22
28 72
20 62
42 24
19 71
21 28
6 40
X
2 0
31 39
48 77
28 57
98 51
96 36
X
91 20
X
87 46
X
61 77
15 53
85 35
X
X
33 87
50 48
5 90
X
8 41
X
5 97
X
X
43 94
8 96
X
56 52
11 54
97 92
18 27
X
93 69
X
13 16
29 97
55 32
30 43
57 51
60 85
88 83
X
52 60
X
31 2
36 73
X
X
70 95
17 40
41 10
X
52 51
8 57
36 50
27 90
27 64
39 82
82 20
19 57
53 17
X
X
X
30 30
X
52 56
X
61 89
15 96
24 59
X
67 57
70 8
X
X
0 95
X
X
80 45
X
X
X
67 55
X
X
17 91
X
X
54 83
X
95 65
94 83
X
27 82
X
96 11
55 79
69 53
77 67
66 83
X
X
51 25
X
12 1
X
81 66
97 43
X
X
54 21
92 70
X
X
X
X
96 26
X
X
18 71
75 72
X
X
X
58 21
51 86
X
88 5
X
X
36 30
33 38
X
X
X
9 60
X
X
52 73
67 41
47 28
27 41
X
5 51
X
X
X
X
86 18
46 33
87 52
68 42
53 18
59 66
13 89
X
4 51
19 80
X
X
X
77 51
5 33
X
70 20
63 35
76 93
67 70
4 71
46 18
X
2 59
83 61
35 19
X
X
0 68
7 10
X
1 48
X
X
85 16
31 93
20 41
76 66
77 89
X
31 86
X
66 37
54 63
86 3
71 34
50 62
71 52
X
X
38 0
26 28
12 25
83 94
X
86 37
X
42 63
15 71
X
61 36
X
X
X
27 39
X
98 68
X
X
77 47
73 95
67 45
X
X
X
40 60
X
X
X
