138 11
87 194
187 171
3 179
30 73
156 176
50 18
67 37
26 123
152 20
27 123
191 192
113 27
136 70
X
40 62
52 150
80 32
108 124
30 74
X
43 124
X
75 32
173 142
193 142
35 77
192 142
42 41
5 130
155 142
46 70
180 191
57 120
107 13
51 163
172 161
88 170
123 110
38 28
89 176
180 157
134 21
192 32
14 131
35 75
25 45
124 91
69 170
29 118
175 131
89 149
3 176
141 10
25 141
69 131
145 19
52 114
134 191
56 168
105 179
167 33
167 161
167 31
86 124
95 25
117 186
84 142
99 24
1 161
64 143
79 125
49 195
46 44
142 33
64 155
37 77
59 85
146 147
95 23
175 130
37 144
152 82
31 95
36 145
180 192
X
191 129
142 181
103 97
101 176
53 33
125 122
190 178
110 32
38 69
51 32
175 169
48 158
98 7
175 133
109 132
45 36
174 10
191 174
97 108
62 59
81 140
13 15
126 23
8 150
187 157
8 76
25 42
41 143
84 136
102 97
189 126
149 92
X
151 180
102 99
46 69
X
127 9
136 108
190 116
25 15
152 57
188 156
106 124
189 143
33 29
168 75
X
110 147
31 127
85 154
193 192
5 154
144 194
92 113
162 19
178 60
159 74
72 67
56 108
160 129
189 141
3 163
61 156
167 30
128 30
105 71
147 166
34 147
122 14
61 129
21 153
18 176
67 136
39 196
85 59
89 35
145 114
113 100
121 142
X
67 135
73 56
X
190 166
51 44
152 55
124 46
34 155
109 167
109 130
188 36
62 35
133 58
153 54
92 52
106 162
59 130
78 60
111 134
176 146
145 18
110 188
37 137
133 103
145 36
190 74
77 98
75 29
91 25
150 28
91 158
183 123
114 91
172 41
59 5
165 60
124 124
192 13
150 6
160 52
193 126
X
183 49
49 18
181 120
119 57
84 86
76 157
92 89
142 145
126 86
118 86
169 141
148 56
58 140
40 170
189 165
168 181
123 107
35 147
118 144
162 195
34 77
77 80
75 137
158 2
32 110
75 163
X
157 14
155 82
128 71
X
125 51
86 168
104 182
145 196
9 150
X
152 43
195 2
66 36
69 121
55 55
181 124
118 37
109 98
172 39
90 145
23 195
125 39
41 46
108 118
X
92 51
106 62
99 154
133 192
33 185
173 195
169 62
130 64
54 44
92 174
122 78
100 195
193 118
82 72
14 44
23 13
174 30
167 177
91 108
85 32
32 108
158 21
77 15
191 50
159 78
87 120
149 8
99 130
14 74
51 173
192 186
X
32 31
70 128
39 87
180 5
155 192
16 155
79 31
165 89
45 135
191 18
112 122
197 181
81 60
191 177
159 57
193 176
192 156
67 34
69 86
16 154
41 74
51 84
2 133
110 167
16 107
X
X
52 78
129 165
81 31
62 31
195 5
96 165
30 163
53 182
77 187
109 190
192 158
35 17
X
180 77
185 89
6 174
34 188
67 137
43 127
142 54
53 24
102 172
172 33
X
178 109
10 89
107 70
65 182
X
182 190
162 190
88 8
X
194 183
75 131
192 159
49 17
90 184
169 38
177 102
191 130
57 74
17 26
10 48
175 134
34 152
32 171
161 170
67 169
141 145
28 125
177 145
143 191
72 6
87 7
86 125
81 143
91 173
168 38
191 118
102 152
104 109
114 12
142 94
97 112
173 189
145 52
141 180
55 168
88 122
148 58
167 46
26 170
103 92
33 153
141 89
135 130
11 67
35 155
83 49
149 94
70 164
55 77
29 188
57 22
169 76
171 178
124 74
137 174
154 84
124 121
37 90
191 172
24 115
45 157
89 158
79 4
92 138
141 41
51 22
187 141
12 153
55 33
102 147
64 77
33 162
8 168
160 31
167 192
4 71
11 77
27 172
177 72
3 186
53 36
177 93
70 16
70 60
106 15
38 31
181 186
53 194
42 74
53 3
92 120
X
56 3
28 13
81 125
31 94
X
31 155
61 15
177 81
177 197
120 191
13 90
156 62
128 100
98 14
40 124
152 182
87 189
158 61
143 44
118 90
40 63
84 137
132 163
166 167
22 147
41 123
161 94
24 137
84 99
88 120
193 97
136 16
160 110
102 28
66 2
124 86
X
107 15
182 90
151 95
26 40
63 50
123 151
162 15
169 29
53 154
54 171
75 147
50 74
56 120
40 116
191 160
23 193
79 36
6 24
117 91
137 139
137 16
44 62
163 116
159 10
146 76
158 120
61 177
76 146
31 87
45 156
7 167
1 40
40 31
119 162
104 72
115 167
112 34
37 49
55 101
170 60
77 54
131 39
191 87
87 95
9 98
94 90
54 187
139 104
155 72
112 110
78 180
47 110
141 52
3 182
167 29
63 115
145 29
76 180
40 144
70 20
134 126
55 24
150 9
5 30
166 91
74 80
103 163
X
192 144
169 65
X
76 49
119 58
190 50
113 24
161 106
171 51
X
X
42 70
148 170
83 83
X
28 98
66 77
194 118
107 88
176 170
140 183
124 109
160 130
111 171
24 27
74 136
159 133
52 127
85 93
67 33
160 55
60 155
55 42
36 56
71 136
148 171
112 36
4 93
16 51
110 169
179 19
28 169
17 52
4 146
38 87
X
9 154
16 70
22 135
94 193
173 160
83 90
157 192
88 53
179 70
158 104
5 171
4 163
7 112
166 104
31 33
174 29
166 194
171 106
33 54
184 136
104 107
56 152
53 139
34 125
X
22 36
38 127
67 139
148 146
69 16
101 189
88 109
29 121
156 57
111 118
169 189
45 123
53 137
103 125
178 30
151 16
48 164
50 77
23 15
143 197
128 50
14 118
X
120 184
95 14
132 126
53 127
61 175
154 142
140 13
85 164
88 32
106 31
61 13
92 137
55 175
171 188
10 4
33 7
55 5
6 147
164 78
155 53
92 43
184 137
64 159
63 192
11 79
112 175
34 54
16 116
138 103
154 134
139 176
X
68 60
141 173
132 188
43 70
X
24 116
133 128
127 27
107 60
189 174
103 150
X
126 121
156 124
96 156
141 197
91 107
X
148 103
34 66
151 137
94 79
X
143 146
34 26
71 131
151 176
167 180
74 147
187 65
141 160
73 185
181 69
129 1
X
105 180
131 110
53 70
173 31
148 75
120 124
142 143
188 11
159 36
X
37 147
169 59
135 18
61 176
193 186
178 20
168 48
95 24
20 63
159 93
182 104
120 145
40 172
103 27
111 167
71 106
194 186
12 2
24 47
173 46
61 188
150 17
103 25
X
163 107
157 9
49 109
78 129
119 28
X
169 181
21 83
103 60
49 88
183 50
83 81
111 113
195 179
127 173
178 72
169 107
36 20
95 53
118 162
60 87
62 175
18 178
33 66
32 49
68 175
41 83
157 3
70 57
113 101
55 187
193 180
151 169
155 84
48 156
64 14
25 51
67 40
180 105
108 31
73 139
56 167
X
49 4
187 21
190 73
54 70
88 121
88 4
44 116
67 157
130 24
80 56
116 68
147 54
94 132
90 104
22 16
95 13
151 41
76 174
179 59
65 180
33 96
38 66
194 93
49 14
159 157
159 153
49 10
78 29
114 92
182 94
47 9
31 50
173 138
179 106
174 155
183 31
145 68
25 67
148 90
176 141
167 60
73 150
192 22
98 88
183 152
112 119
76 160
40 37
81 129
169 102
25 149
3 141
162 96
134 146
41 116
7 88
69 3
111 98
158 105
141 143
85 27
157 144
129 45
10 154
137 152
66 4
67 35
182 101
180 119
7 58
142 103
140 89
32 152
145 150
3 130
130 191
44 77
23 5
166 135
76 37
123 90
8 98
63 35
52 69
24 19
119 26
130 180
23 192
141 45
188 14
X
11 166
41 91
81 1
71 132
X
100 165
59 128
5 121
150 88
76 162
33 53
109 86
39 41
140 184
51 24
97 194
172 38
56 68
27 95
125 47
189 78
88 59
147 171
52 171
100 131
8 120
194 119
142 36
142 194
175 6
165 169
82 90
47 119
182 38
X
81 48
86 141
120 126
86 169
190 101
173 190
126 31
144 184
181 177
57 36
40 174
54 136
142 83
139 45
73 148
83 71
8 13
71 139
4 123
X
X
34 33
76 145
120 163
119 154
169 100
125 179
159 103
46 65
60 83
88 105
35 51
56 139
141 196
66 5
154 136
169 58
X
125 109
14 67
142 119
29 187
43 126
X
170 41
136 129
93 129
25 195
143 148
68 59
21 17
69 5
147 52
21 67
155 11
42 125
9 131
52 14
148 55
173 139
186 155
107 35
12 175
79 12
149 166
175 172
107 119
40 87
175 139
89 7
38 56
183 177
172 142
59 7
190 47
71 191
X
14 55
46 2
X
16 69
23 18
50 80
146 118
187 160
88 35
108 34
36 147
138 110
44 113
94 31
111 190
X
49 5
154 92
139 98
108 74
138 152
X
54 68
X
56 135
6 26
70 6
192 60
23 16
107 68
X
146 165
187 168
128 179
13 70
44 50
41 97
23 63
80 12
174 158
106 48
162 11
66 20
75 178
23 35
191 89
168 72
110 189
13 46
65 171
156 120
59 1
101 63
155 85
130 153
80 27
11 178
17 8
168 53
38 40
141 81
111 122
53 100
168 123
105 153
125 79
X
X
157 10
76 176
93 85
51 139
77 105
16 105
32 160
79 3
73 189
32 8
117 11
28 171
68 172
11 11
22 26
158 137
165 178
19 8
175 109
170 138
67 132
67 162
88 113
31 52
92 133
74 158
85 83
156 63
150 20
29 28
168 121
186 68
32 123
24 117
152 95
85 73
184 190
152 88
90 109
61 180
176 91
12 108
2 39
28 174
187 165
27 42
161 120
18 180
172 108
125 133
69 93
10 84
171 28
167 87
56 171
184 195
168 28
179 104
68 49
39 128
141 91
19 63
141 14
45 65
15 179
122 74
70 48
193 88
4 147
71 39
175 82
58 134
140 155
183 27
20 190
109 118
41 96
179 184
X
119 145
X
71 147
X
124 67
152 16
156 194
117 6
157 11
81 56
162 120
184 196
100 150
141 184
84 29
41 193
10 113
13 47
31 147
123 174
83 143
94 69
3 139
125 37
X
48 170
107 190
181 118
154 146
76 33
173 21
36 172
142 31
122 109
125 97
117 80
X
153 49
32 170
125 120
99 153
117 38
111 75
179 50
143 188
126 49
X
178 83
193 18
110 132
193 3
140 164
13 72
116 178
127 52
8 16
125 74
101 195
164 172
144 59
26 191
177 83
52 32
91 154
150 75
37 135
182 181
11 91
126 37
178 133
74 163
118 163
43 87
161 117
X
32 192
87 192
141 163
54 179
120 37
23 141
41 160
91 180
158 110
171 72
50 88
10 88
137 176
179 71
174 28
178 172
87 125
106 14
30 87
17 47
X
65 168
15 133
117 41
195 4
147 164
134 24
160 169
56 165
20 36
138 44
74 185
91 92
173 18
18 119
135 177
68 181
112 142
62 190
133 163
142 37
150 158
105 55
156 191
35 32
121 76
108 167
128 24
147 161
118 92
72 150
121 10
161 133
68 176
120 149
23 167
14 128
110 112
143 52
160 107
169 18
107 72
132 161
171 20
101 192
173 28
X
13 73
55 188
192 12
36 50
69 49
47 54
189 68
97 69
154 86
159 21
89 101
98 8
17 67
159 194
91 112
32 125
79 49
81 46
66 13
161 31
151 7
29 104
140 173
117 10
125 121
191 57
125 23
134 98
63 172
X
137 104
89 1
159 120
86 170
122 29
185 165
12 146
186 90
190 172
27 45
14 191
98 108
83 141
X
133 146
173 20
121 149
149 68
171 189
97 50
179 83
86 35
24 17
134 20
186 138
12 149
156 144
64 51
75 66
102 6
62 180
38 68
103 112
148 106
X
X
186 103
11 76
8 84
134 54
34 51
42 39
91 129
90 54
70 36
43 133
70 56
26 87
156 196
124 130
192 39
106 144
47 47
6 141
114 164
148 64
56 182
X
109 99
34 104
X
121 40
87 105
X
183 106
130 30
154 94
100 133
129 49
141 71
53 7
104 179
120 140
178 101
18 175
X
X
9 84
141 70
13 11
87 59
72 127
193 113
34 185
125 129
X
19 153
19 9
159 170
26 83
X
147 143
44 49
73 152
24 121
195 126
105 60
184 27
76 150
118 47
6 153
74 134
169 106
182 52
137 22
95 30
49 188
53 23
1 93
49 28
156 153
193 193
74 100
162 167
166 102
147 22
88 168
47 48
176 168
24 78
124 89
191 48
147 190
12 105
103 160
176 155
39 143
137 150
4 76
X
78 49
163 155
11 9
62 145
124 47
146 53
71 3
177 78
84 138
95 69
100 166
X
43 128
178 120
X
135 123
61 155
86 161
5 59
52 101
68 36
50 55
33 163
64 7
148 105
181 179
50 78
132 131
160 106
70 59
138 75
17 77
27 97
157 70
38 112
173 53
64 175
183 184
177 95
54 3
118 80
122 15
143 195
174 26
22 17
121 120
79 129
98 100
181 196
7 168
66 12
162 124
117 24
74 150
165 90
152 54
55 182
135 24
147 159
168 91
11 6
181 2
132 171
X
138 93
129 179
88 110
62 15
110 101
21 102
41 88
72 65
132 192
93 67
22 9
28 50
88 101
3 183
161 174
109 59
3 172
104 147
103 149
6 140
161 78
89 193
131 192
70 106
27 49
27 138
159 52
X
193 93
166 161
123 106
112 187
3 161
158 57
157 134
46 108
166 174
141 175
111 140
128 47
18 74
77 55
61 1
193 114
24 20
130 70
141 123
125 91
161 95
164 159
135 20
33 123
41 7
92 40
6 25
88 102
49 194
109 73
87 99
38 27
129 91
122 76
18 115
108 39
150 164
54 158
117 53
83 1
170 31
30 94
56 118
161 136
62 8
188 154
26 42
X
74 57
28 139
173 194
63 158
169 145
X
158 127
111 149
192 171
173 12
44 163
X
88 69
173 47
159 139
74 189
17 57
149 89
66 3
114 167
114 84
19 18
154 71
151 29
176 79
109 163
34 64
102 71
130 62
103 106
159 40
156 156
95 33
71 93
63 95
40 166
38 126
134 171
123 10
51 36
146 114
X
44 10
102 60
176 58
3 185
159 76
65 19
98 53
55 145
23 67
90 105
159 110
8 58
147 20
164 74
18 191
193 194
65 16
51 23
23 182
124 87
194 48
179 18
51 119
109 133
130 192
125 38
115 51
147 38
97 81
194 52
156 123
189 8
63 6
190 35
28 141
188 90
21 104
54 67
126 47
135 72
138 105
78 46
142 41
21 36
53 85
144 119
4 133
85 137
48 55
109 159
20 121
161 30
176 157
120 130
157 1
105 159
X
175 170
155 176
69 171
21 63
119 184
67 159
139 76
107 189
160 57
96 12
16 137
101 19
16 93
41 180
6 50
194 87
152 184
34 65
44 181
6 51
127 86
37 51
44 166
157 135
14 38
128 67
158 41
57 58
23 68
176 95
64 75
52 135
X
108 157
X
39 18
43 155
143 33
13 132
186 141
112 130
162 21
68 179
135 128
157 49
184 194
165 6
41 183
6 77
165 180
45 134
71 8
117 140
161 83
191 186
69 6
165 117
127 183
121 104
165 116
138 94
6 98
90 193
121 187
58 62
82 44
11 2
123 175
36 148
167 26
X
58 58
156 61
170 192
189 160
44 47
178 5
92 53
107 19
17 152
26 193
127 13
144 103
49 16
37 88
130 52
130 50
36 107
69 115
75 119
181 101
170 89
8 102
124 110
159 63
181 194
53 14
78 174
142 123
98 172
168 119
147 118
135 103
21 87
174 164
148 104
103 68
34 123
63 162
20 187
130 161
65 121
141 55
141 92
45 86
149 75
31 124
105 47
193 50
188 143
84 75
34 195
166 153
130 154
66 116
28 124
52 67
32 155
21 28
5 174
48 7
24 134
182 5
132 127
151 165
73 190
168 122
100 152
143 180
130 27
19 62
48 168
X
45 6
22 150
87 3
67 72
21 156
66 73
194 79
38 114
137 121
25 43
14 115
189 39
90 192
120 56
41 166
61 143
66 16
24 42
134 38
112 147
6 30
143 42
193 127
18 134
148 131
19 115
123 133
15 119
160 63
57 89
X
43 40
152 37
120 70
150 115
162 169
128 183
76 161
83 138
183 180
23 166
132 132
147 189
139 14
80 129
187 154
126 129
55 35
186 136
59 162
140 41
4 162
24 139
194 47
X
91 130
172 160
127 10
23 183
79 180
91 4
161 86
62 147
142 183
143 36
21 84
136 146
15 51
40 77
106 76
108 123
89 58
102 108
170 182
158 124
49 27
145 134
180 48
125 11
177 139
129 47
X
160 21
59 83
126 24
X
10 6
5 27
11 149
42 120
64 96
140 80
68 177
38 169
192 174
94 129
136 177
102 68
X
57 85
3 39
190 118
121 109
157 191
190 156
18 169
179 17
132 165
194 113
139 103
156 121
139 81
187 140
52 84
17 191
124 85
4 42
132 130
6 11
124 183
195 128
95 159
154 103
35 31
51 54
160 15
6 139
182 48
87 2
79 138
142 14
152 28
11 177
147 57
181 181
19 119
150 116
193 82
77 121
176 18
123 129
85 33
73 93
165 91
138 181
125 76
55 7
100 111
27 73
136 119
87 146
49 168
145 32
123 173
101 5
49 191
73 60
143 64
76 89
98 68
176 132
140 162
104 132
134 138
171 48
X
63 114
73 138
139 174
85 82
105 187
139 83
5 58
133 165
3 21
191 178
X
191 22
69 40
168 134
120 161
147 92
66 181
25 78
18 156
13 139
21 150
7 146
185 167
140 83
186 104
175 108
179 16
176 130
127 100
24 124
175 94
152 169
128 191
151 9
52 88
117 7
138 164
61 93
180 124
112 190
54 139
X
27 51
89 34
45 105
56 190
45 136
55 150
14 24
11 176
127 119
100 28
X
139 96
93 69
122 110
93 107
99 25
75 98
179 186
137 102
50 47
72 194
143 29
132 159
171 138
135 122
13 53
101 108
24 136
74 33
4 39
86 191
160 54
158 29
193 60
29 148
127 176
82 86
194 82
105 186
4 91
98 148
182 183
187 167
117 25
71 189
5 100
160 49
174 53
X
98 159
121 77
125 12
94 192
6 71
123 23
188 119
37 74
79 2
95 99
146 191
186 171
84 68
171 120
21 27
183 48
44 6
148 95
79 74
157 136
15 42
149 28
177 18
54 52
187 88
87 35
91 64
170 51
157 8
106 182
13 76
52 70
48 154
139 91
31 108
41 157
79 178
78 48
31 103
68 57
176 138
162 41
42 40
148 88
93 83
137 156
80 54
176 83
105 182
65 177
71 104
195 3
27 85
108 161
X
146 56
162 38
22 63
124 170
X
4 72
136 89
124 70
9 2
55 15
88 114
75 7
48 165
169 49
169 30
140 152
141 146
46 39
93 192
7 48
78 37
159 156
72 57
193 189
137 144
24 191
99 100
24 28
143 57
55 166
123 171
41 49
136 105
34 189
138 111
97 16
151 37
60 163
68 121
170 183
135 10
53 163
137 99
29 106
188 118
161 29
27 81
84 104
65 156
103 162
18 189
162 86
143 82
69 56
25 147
191 58
X
175 160
126 45
23 41
110 15
193 4
X
12 38
X
71 134
189 106
138 42
188 117
184 139
134 192
55 195
X
55 146
30 98
X
91 184
127 171
136 132
186 66
176 20
142 197
8 118
16 90
24 25
105 154
92 175
X
130 67
133 38
158 50
105 68
183 181
71 75
66 1
190 104
141 76
76 39
105 26
160 13
107 180
43 82
121 74
72 188
123 108
155 8
153 95
153 82
137 11
X
100 173
28 127
4 137
17 9
171 21
124 145
12 11
65 48
X
116 176
62 163
66 155
154 105
51 141
52 20
36 18
38 115
126 68
7 30
42 63
188 114
64 35
91 133
1 95
107 69
42 181
167 158
105 152
28 94
56 89
81 33
50 113
25 86
172 163
44 94
177 140
188 22
X
105 160
54 100
100 148
56 114
98 176
146 117
45 44
50 75
167 179
23 36
157 143
71 146
131 50
35 181
6 183
166 169
72 135
51 78
77 51
X
45 62
126 132
61 147
175 107
186 167
104 131
74 87
7 73
52 195
53 176
159 104
190 77
24 87
110 162
64 2
145 64
51 52
191 8
147 188
X
28 12
165 118
21 100
56 79
X
38 192
X
138 122
24 65
6 185
35 185
89 120
60 58
189 130
108 73
155 70
75 135
103 48
128 36
76 4
X
167 27
69 70
193 48
120 195
X
10 110
176 194
163 118
78 98
125 58
113 8
176 118
86 7
41 194
30 66
51 171
29 115
44 137
167 61
181 92
161 85
127 67
38 147
66 158
84 93
56 153
41 50
127 39
147 158
4 184
36 109
153 84
73 65
93 122
5 75
63 177
X
97 62
97 111
122 56
39 39
24 141
24 185
66 74
20 186
141 174
5 29
39 91
73 188
24 46
64 74
144 150
12 132
164 154
154 49
65 3
103 180
101 12
33 125
48 5
124 179
168 161
48 108
90 177
189 76
177 28
49 166
4 119
167 189
112 133
132 99
165 158
46 106
45 7
170 39
142 102
66 14
17 123
117 184
162 36
128 180
139 156
123 91
50 190
49 44
140 70
164 2
35 154
97 15
27 119
116 163
79 46
162 37
156 142
69 36
181 109
145 65
74 81
5 141
179 48
131 111
187 172
158 60
61 127
115 24
105 192
72 63
96 68
5 60
149 6
112 31
41 195
176 82
50 115
92 184
5 103
139 173
149 29
164 6
38 184
69 8
18 121
147 19
177 109
167 32
147 114
32 127
111 179
4 161
148 181
118 68
74 60
188 13
67 160
X
180 39
X
75 102
170 33
95 137
133 40
111 99
126 97
115 91
74 162
164 56
38 67
125 86
8 12
126 133
53 138
172 110
X
14 69
38 51
19 151
133 111
142 15
182 177
53 140
172 49
90 169
69 4
107 124
88 56
74 160
91 131
187 92
160 11
65 77
138 182
116 8
75 106
182 35
55 114
175 162
165 85
52 44
37 169
197 57
44 36
21 9
150 77
188 67
152 137
188 120
129 183
122 108
11 151
146 146
168 65
188 8
50 195
79 157
28 168
42 7
196 93
29 41
152 18
52 158
192 35
14 57
74 188
76 107
133 159
157 138
2 193
10 153
191 86
90 112
33 95
138 171
110 142
116 53
29 189
162 191
37 171
97 100
16 119
34 17
X
143 106
170 87
133 164
156 154
20 167
37 181
34 74
157 106
194 178
110 141
87 19
70 18
121 194
75 180
86 27
123 161
159 18
179 2
143 143
93 89
56 36
57 140
160 121
26 168
74 67
158 31
42 75
65 172
X
63 147
X
71 91
56 32
67 49
154 90
66 106
62 58
57 78
172 107
72 166
121 78
106 179
110 139
150 21
188 68
50 157
4 40
185 136
77 145
150 118
64 8
117 40
125 148
155 190
6 46
39 62
183 35
4 190
134 72
148 114
134 73
142 180
134 99
123 160
55 41
136 109
X
182 124
120 146
62 3
120 9
36 106
46 119
168 26
178 27
197 59
188 10
32 193
166 87
64 49
133 132
94 197
101 62
10 14
157 153
191 59
162 118
124 23
121 140
65 75
46 36
X
124 108
70 3
146 23
169 121
102 19
3 173
8 73
195 117
X
20 124
63 130
25 127
191 56
34 186
41 10
82 138
128 190
74 93
X
14 42
105 190
98 111
105 34
45 104
29 163
195 142
23 185
18 125
46 67
179 61
178 169
7 174
84 96
168 102
12 102
75 157
X
124 149
109 122
113 175
128 99
44 182
131 65
169 135
55 3
95 54
161 195
84 27
33 181
187 139
158 32
14 129
25 136
136 18
110 176
46 85
181 83
125 119
117 42
139 94
124 10
122 151
80 77
152 41
143 184
68 44
X
163 152
49 193
158 8
169 142
179 81
99 134
120 67
171 41
188 40
14 89
110 111
21 68
86 119
80 142
92 190
87 157
5 117
85 157
35 135
64 163
107 85
91 62
148 145
52 68
6 102
116 89
4 151
64 1
151 134
63 188
107 58
36 77
52 151
160 14
149 118
121 129
6 123
186 67
112 186
148 168
174 197
152 19
83 3
X
125 113
81 59
132 169
101 172
31 153
156 68
33 160
116 10
52 76
67 180
137 149
31 190
53 179
63 159
49 3
106 18
125 35
141 195
93 136
84 20
31 53
137 101
24 140
187 137
30 110
97 107
82 88
76 86
55 117
114 166
57 118
48 104
29 47
56 137
175 91
15 106
53 104
136 127
87 197
146 144
83 86
41 162
112 121
54 163
128 23
76 1
40 128
150 180
55 110
13 36
149 65
23 12
122 124
68 191
51 167
72 185
4 43
175 194
90 7
101 191
149 30
20 17
192 172
62 159
28 14
33 56
89 123
96 54
100 15
6 137
50 51
69 106
87 32
32 186
51 43
21 5
93 112
38 36
155 2
10 147
6 27
49 86
119 48
10 87
3 194
120 121
148 149
171 76
4 121
100 147
66 114
136 150
63 1
12 152
28 128
10 27
24 119
150 90
159 155
154 37
190 14
51 34
27 96
19 121
140 96
78 38
176 109
140 153
97 54
172 47
3 133
187 143
45 67
7 71
127 97
77 32
145 33
X
117 162
168 63
134 19
116 143
38 42
147 88
108 88
80 125
160 192
159 174
91 1
31 192
51 90
170 28
70 76
167 195
174 32
165 155
118 105
174 77
136 73
189 157
113 26
171 8
136 123
151 43
120 43
7 10
32 5
32 185
112 101
126 99
190 78
166 178
162 40
162 194
89 54
38 49
X
178 123
79 60
138 173
166 134
161 33
157 15
189 65
87 149
4 130
173 162
X
160 20
54 18
42 17
111 130
34 146
190 66
160 10
125 80
25 49
54 24
46 83
121 186
170 76
130 182
195 119
104 89
135 126
167 178
103 111
29 26
88 196
78 100
195 130
34 194
136 148
100 167
133 160
20 5
118 39
23 60
120 108
9 26
152 39
187 138
29 76
147 9
97 190
134 70
110 57
27 114
32 56
61 95
159 107
108 38
144 148
22 140
137 155
6 48
97 113
162 154
176 62
103 141
99 5
53 15
94 81
11 68
135 120
13 77
149 88
76 91
69 105
166 168
X
117 89
91 2
169 27
179 183
123 86
134 188
106 19
143 80
41 29
131 58
33 30
137 96
53 113
181 96
197 58
X
X
66 168
96 85
7 119
193 195
71 149
44 86
112 189
95 62
119 193
118 51
55 52
34 190
44 44
103 127
105 51
166 158
178 131
155 68
168 60
53 124
26 141
125 57
88 154
191 60
13 51
43 164
132 113
88 98
147 64
54 106
96 30
132 110
51 137
43 44
162 121
139 100
75 86
43 85
144 180
X
59 161
106 64
109 100
141 161
12 147
151 182
55 147
117 93
98 31
15 176
57 87
111 147
16 27
184 155
33 49
42 67
70 135
86 72
56 170
6 154
61 146
X
86 142
X
120 151
173 145
96 19
28 45
131 153
155 14
146 105
25 40
29 7
189 77
X
192 177
X
41 125
16 71
141 72
41 36
128 2
127 87
64 94
97 84
130 46
77 100
51 35
173 188
112 138
X
159 60
146 166
38 44
195 127
26 194
185 143
50 187
74 97
75 160
194 80
152 90
54 32
25 129
52 144
123 176
67 46
181 72
190 106
163 95
191 166
141 144
154 133
65 36
X
36 49
102 89
68 47
195 145
23 33
101 28
170 135
104 152
183 196
89 145
20 122
150 160
14 193
139 71
7 173
78 107
142 29
134 113
18 174
172 176
106 77
15 48
169 19
47 123
25 68
23 42
172 30
104 91
42 66
195 32
148 57
75 177
192 170
X
110 31
163 96
110 160
126 119
X
166 183
180 76
174 52
147 102
57 21
41 155
11 88
152 53
98 32
126 46
12 151
22 152
191 90
46 41
123 170
X
127 11
59 129
80 60
105 181
75 122
25 83
177 168
116 80
13 40
158 107
113 11
136 11
188 18
148 93
30 32
67 102
12 133
59 3
184 28
117 39
29 94
145 130
52 136
146 52
165 77
183 103
52 191
41 84
X
183 155
X
123 57
13 10
88 123
54 125
151 30
141 90
90 173
123 154
170 177
66 176
79 119
195 59
X
193 183
189 80
126 71
171 145
106 187
39 142
X
74 27
40 142
45 82
26 49
73 147
56 136
78 99
192 183
104 106
111 76
106 55
141 119
X
130 25
15 190
41 2
67 17
143 83
132 155
79 73
161 8
90 42
27 137
113 9
136 141
158 129
185 74
135 100
122 123
144 31
159 171
188 157
42 15
83 72
141 162
127 175
107 121
7 171
84 164
56 83
144 118
91 51
124 71
40 27
54 113
56 163
50 164
18 116
16 42
X
108 122
157 60
9 128
169 146
100 13
81 29
177 154
57 77
34 148
122 104
158 62
51 29
74 63
X
174 156
188 41
120 148
146 21
133 150
116 28
155 4
118 83
42 36
142 45
74 86
92 93
166 159
181 90
132 154
118 194
27 75
28 43
31 8
10 47
158 10
X
178 69
144 41
11 168
25 52
85 21
66 7
56 195
165 88
154 70
4 176
106 127
76 92
189 193
24 68
X
152 176
30 170
28 74
20 188
158 33
80 36
177 76
171 26
138 170
181 121
137 140
95 67
8 151
92 118
176 134
118 81
81 45
70 19
108 187
72 186
126 14
112 132
72 93
83 77
75 175
192 78
131 40
169 51
65 106
135 139
110 59
147 162
X
38 65
106 140
13 192
104 38
50 192
122 80
121 107
164 118
13 93
132 100
68 136
178 155
178 95
99 176
14 130
143 145
168 87
91 120
134 190
187 166
168 74
29 6
175 163
103 124
44 70
135 138
68 115
15 189
143 68
124 133
147 117
141 177
65 46
29 116
84 81
163 172
175 92
15 69
106 123
154 56
78 108
26 169
193 174
25 66
82 46
28 52
54 14
X
181 117
13 176
188 100
59 89
24 195
59 58
83 70
86 68
126 51
145 17
132 115
147 134
17 76
10 50
23 61
12 148
172 109
190 79
190 171
25 150
167 194
78 51
196 95
18 179
108 59
42 50
170 143
12 142
X
86 84
89 33
105 127
169 139
66 31
179 54
156 179
140 181
17 188
126 89
74 89
15 57
196 183
X
63 8
163 109
67 32
149 90
41 86
11 78
X
83 4
90 52
180 38
17 55
29 110
74 91
106 73
9 112
41 98
29 186
53 150
70 163
166 60
192 2
96 66
176 19
73 162
X
157 101
108 19
32 163
178 157
170 123
127 122
120 187
X
56 24
104 164
166 88
183 109
56 192
105 25
108 121
99 108
84 17
181 123
52 120
152 49
90 148
152 86
183 143
173 33
93 108
80 14
X
122 125
69 46
113 139
125 176
22 18
22 104
5 123
66 17
122 31
93 183
18 5
11 10
133 140
6 171
184 151
139 105
68 116
131 188
175 104
108 72
115 48
108 36
42 62
176 61
130 1
81 54
111 110
X
X
164 86
182 91
125 27
167 28
5 184
19 6
7 62
86 105
187 169
169 53
32 98
87 18
123 104
103 123
144 191
49 189
53 120
38 182
X
X
186 100
41 17
193 130
168 135
121 121
143 190
52 86
137 110
55 171
79 122
42 135
150 161
29 136
47 2
33 103
15 108
185 138
146 143
122 25
64 121
129 163
50 30
127 50
30 47
120 39
145 118
99 98
125 84
153 93
160 53
191 39
120 133
110 98
139 70
105 31
63 171
140 75
136 72
120 147
43 135
42 43
90 158
178 168
55 163
146 119
54 40
87 27
184 141
39 175
183 179
X
4 94
4 117
38 128
161 172
91 40
79 121
41 30
166 171
177 27
183 105
152 164
36 169
160 19
64 45
70 190
X
14 48
116 51
68 117
169 192
123 56
13 26
150 169
189 12
8 114
53 87
132 168
40 70
188 176
71 36
107 182
6 10
187 170
157 12
93 22
53 5
178 32
X
162 12
21 32
120 131
144 181
88 189
93 23
17 74
13 128
X
135 171
189 21
129 159
14 102
114 89
7 16
105 49
16 80
34 49
19 191
192 29
116 144
179 158
171 19
41 31
7 52
17 166
4 174
2 25
93 65
75 161
159 154
X
43 112
120 11
83 164
52 51
90 154
159 49
X
74 28
182 25
99 172
130 155
72 152
1 176
69 132
24 79
179 122
158 20
41 5
101 149
52 154
192 52
56 158
25 44
169 138
125 145
89 3
136 75
54 55
30 150
X
128 3
14 119
137 108
124 84
184 142
179 58
35 152
169 48
17 125
148 166
25 165
12 89
28 42
194 56
33 52
138 156
120 10
43 48
31 174
109 171
97 98
12 74
26 184
160 36
136 170
127 109
17 27
71 138
135 175
142 105
123 113
36 104
28 44
181 71
33 63
50 125
X
165 179
144 106
88 9
168 133
146 149
58 83
100 92
177 32
161 42
94 62
X
113 6
X
180 2
159 101
118 84
125 77
52 125
177 96
X
183 107
57 62
136 71
7 25
53 54
14 139
191 77
124 56
114 24
172 65
42 113
164 85
170 21
42 48
53 141
77 45
59 62
9 101
54 108
128 85
175 9
191 21
175 95
18 118
75 150
56 134
7 104
21 152
49 47
3 43
88 29
182 138
174 31
41 47
97 156
67 116
X
110 39
183 142
153 31
143 43
193 188
109 131
69 75
53 88
X
114 80
51 18
77 189
95 51
137 12
145 54
148 143
39 146
179 53
3 41
143 40
162 174
130 159
X
33 105
96 69
74 29
167 182
162 78
79 29
31 116
189 22
122 112
43 74
192 38
41 181
145 40
108 110
185 77
44 75
146 77
88 149
160 51
183 154
162 127
145 67
183 51
29 137
94 64
153 28
140 16
142 38
39 171
165 115
120 132
18 133
75 138
X
70 70
104 99
131 52
38 175
30 190
192 178
130 163
99 110
146 122
48 166
74 96
53 190
55 180
68 119
36 185
37 76
12 67
54 157
138 22
86 192
127 111
77 12
135 173
95 64
103 47
21 62
75 64
172 138
192 14
55 23
116 47
194 144
109 35
164 160
20 152
142 104
11 69
78 16
102 131
133 112
X
138 121
91 63
119 104
13 27
190 46
99 195
X
196 97
138 91
154 89
189 79
1 39
107 123
X
143 67
5 182
24 165
138 180
8 88
7 26
125 89
118 184
55 106
59 156
179 62
172 31
169 74
128 38
147 67
90 103
194 146
126 182
39 36
79 76
159 167
56 187
28 26
89 154
195 56
48 106
65 71
32 94
106 74
79 27
182 106
180 177
35 49
195 183
138 16
159 169
178 62
26 165
185 91
165 74
9 30
13 80
164 115
47 50
126 84
157 194
150 185
81 77
46 62
102 91
80 46
76 31
144 102
156 105
174 157
144 120
9 103
51 124
12 103
128 4
X
38 37
138 100
111 34
37 91
5 25
85 81
X
194 88
43 3
151 93
45 2
161 169
92 64
36 54
47 3
60 86
66 182
129 89
4 74
139 164
27 47
76 5
29 32
37 54
188 66
34 73
98 156
3 137
171 191
64 190
36 103
193 175
142 57
193 96
114 10
20 119
X
87 33
113 150
84 95
112 111
65 31
24 12
105 144
139 101
X
128 98
143 45
75 165
151 164
174 154
131 109
164 58
197 182
155 196
139 89
44 180
61 192
105 57
116 67
8 75
177 26
71 72
103 24
86 17
98 52
138 18
34 76
120 193
53 18
98 91
178 121
183 192
10 26
177 138
40 115
137 14
158 135
88 99
145 106
63 47
128 45
123 121
32 195
100 164
134 168
157 146
162 115
82 49
32 91
83 45
190 65
X
151 166
170 121
169 103
171 7
134 39
161 134
37 87
137 148
137 98
90 189
82 73
92 62
29 33
190 67
58 59
90 146
16 188
40 36
110 73
84 98
102 17
161 168
124 78
4 132
30 121
29 114
X
56 164
65 175
110 17
171 61
154 72
127 120
106 59
170 106
169 191
104 162
55 173
121 80
54 151
41 142
103 99
X
11 154
31 152
10 142
126 2
54 173
6 14
86 101
X
133 161
74 101
121 154
44 161
155 193
124 80
60 85
X
161 138
52 167
8 74
29 5
192 130
29 190
127 71
30 148
129 188
20 153
190 68
147 184
57 83
91 121
125 52
172 12
X
40 162
32 103
42 19
132 98
87 20
27 139
55 136
105 189
194 30
40 196
85 57
193 90
38 53
9 100
194 32
146 150
152 133
44 135
103 147
94 67
192 189
66 178
73 163
33 98
187 158
110 84
142 42
194 86
19 186
22 87
168 160
131 112
187 159
180 158
79 32
112 131
8 149
170 74
125 124
119 152
151 8
100 149
91 177
28 27
174 76
172 53
55 100
24 183
13 135
90 147
29 40
54 170
138 177
74 125
157 133
X
88 7
134 75
138 108
158 39
104 35
63 45
172 180
118 140
X
39 112
27 74
188 165
101 193
6 184
18 165
196 30
81 44
92 140
99 111
87 58
99 149
64 172
169 32
8 123
196 32
107 71
50 158
155 43
188 39
X
X
11 40
66 121
64 3
24 129
149 164
34 27
24 181
79 136
162 130
X
145 57
182 50
98 173
23 32
191 46
86 190
76 109
52 24
94 195
145 191
126 4
131 38
107 187
51 30
86 28
109 148
99 158
145 195
68 194
135 9
171 75
180 180
104 142
50 40
29 161
169 119
86 102
66 172
X
165 181
154 43
141 122
80 29
94 32
175 102
16 174
169 46
110 158
106 17
174 138
6 52
154 176
161 18
X
103 142
X
6 130
102 88
189 35
148 54
157 193
169 50
157 195
175 8
101 60
34 187
27 87
29 105
135 174
104 134
66 175
196 96
4 153
X
15 132
141 93
6 49
191 37
125 67
132 156
110 14
102 18
30 63
143 150
95 139
7 111
72 56
184 143
93 82
11 139
115 47
94 189
58 139
16 178
116 140
159 168
78 80
75 6
189 195
105 191
6 146
177 70
127 90
126 130
157 72
13 25
1 179
192 40
31 51
22 34
70 126
110 157
171 9
5 193
147 40
38 181
176 106
11 80
178 122
13 43
158 123
87 1
178 16
51 136
28 80
11 13
X
3 93
167 3
156 122
113 138
147 182
154 180
79 39
X
4 165
105 101
142 150
147 89
42 166
158 37
103 88
4 192
X
121 75
56 87
34 124
20 33
160 50
87 167
92 182
118 67
159 31
176 76
106 61
95 52
91 111
95 79
114 90
41 145
46 64
71 92
36 181
107 86
79 75
44 179
151 168
143 81
70 102
188 78
125 149
179 72
124 129
107 77
41 44
74 65
141 147
188 167
70 17
137 13
50 171
67 134
114 86
135 70
98 193
30 195
179 92
129 46
13 177
192 90
161 75
134 170
7 98
117 95
187 151
192 115
13 88
54 110
X
53 181
8 147
127 23
X
57 32
143 123
178 39
134 71
10 30
64 72
12 90
21 26
53 191
163 74
38 193
180 178
167 88
166 101
152 56
51 33
126 1
121 146
10 52
158 139
137 77
192 182
51 195
139 16
176 172
24 81
41 27
91 197
179 82
164 59
146 17
57 76
132 56
45 133
4 120
11 36
53 78
128 189
182 118
14 27
76 88
168 159
100 88
73 166
94 30
121 41
177 108
45 39
147 130
69 103
63 11
170 72
104 31
46 82
152 21
93 91
75 133
91 22
145 143
10 140
180 72
158 38
92 109
23 184
70 86
169 196
120 122
57 179
118 41
9 102
126 3
143 95
23 14
78 83
93 121
8 15
28 129
107 181
12 179
182 29
82 50
32 17
111 168
170 178
169 140
55 40
188 175
52 27
90 43
14 93
128 89
68 114
78 119
129 4
177 58
X
57 182
17 137
31 91
93 24
186 73
68 56
79 158
34 18
122 86
103 153
67 133
21 6
138 20
85 35
47 53
158 130
70 44
92 177
85 143
13 181
28 28
87 30
161 77
77 151
57 192
175 197
38 91
170 146
72 147
180 186
19 169
97 83
X
55 78
56 78
180 91
64 15
84 103
127 45
121 144
157 57
84 101
X
132 109
126 50
97 110
160 78
99 17
34 138
32 194
183 25
153 29
49 85
25 148
129 51
53 43
100 14
13 193
98 90
53 118
49 153
53 136
52 187
3 184
19 156
33 161
42 96
23 9
26 45
188 35
93 140
30 186
16 68
104 97
161 167
57 109
39 16
191 165
125 100
72 125
178 37
90 51
60 88
77 14
139 184
25 46
42 124
32 187
12 141
51 51
141 176
104 158
81 27
60 61
17 119
54 50
104 108
26 78
112 120
106 32
7 110
30 193
28 121
31 119
36 144
158 101
71 148
169 47
84 84
64 191
122 133
17 169
16 104
180 122
19 102
89 10
148 102
42 116
138 41
138 98
1 162
50 27
77 39
13 190
18 123
54 47
71 162
63 180
180 156
176 154
141 9
119 47
7 154
131 114
18 186
16 46
41 48
187 90
109 147
143 39
164 168
126 8
91 157
171 122
90 183
122 111
29 139
11 4
8 26
21 8
41 192
163 169
80 58
100 12
172 40
48 47
93 84
104 37
81 141
117 67
43 77
83 2
193 115
96 159
53 6
75 1
79 179
70 72
148 52
49 104
31 55
69 74
16 91
34 149
119 140
172 51
179 51
2 191
179 31
119 27
138 112
14 116
179 76
14 133
138 89
77 29
75 105
10 128
68 72
183 104
89 173
53 188
133 115
68 37
81 86
154 104
166 4
137 103
51 28
103 28
X
121 124
155 39
91 23
98 33
56 88
87 83
20 102
120 60
63 143
154 137
121 152
114 95
83 163
166 154
34 145
167 91
X
62 1
147 132
51 74
126 13
167 181
76 27
13 52
121 108
192 46
119 195
X
135 140
30 105
38 29
57 190
6 13
74 82
172 52
101 190
53 175
147 170
195 60
171 33
7 60
49 30
91 118
43 137
33 192
81 3
15 25
148 158
130 156
17 168
188 12
113 99
X
X
67 105
151 171
115 175
84 74
82 4
12 14
10 28
162 152
38 43
95 100
140 12
53 47
3 178
157 68
14 188
X
169 110
54 147
157 5
153 52
5 26
13 24
151 88
13 178
100 151
187 136
193 20
121 126
41 147
53 90
17 180
53 195
77 107
130 3
15 193
13 74
45 5
105 188
181 27
188 160
164 161
56 60
10 46
51 147
46 123
154 144
71 89
145 30
81 58
137 75
132 38
24 21
161 189
88 104
163 106
26 80
156 180
146 148
110 179
153 86
28 41
71 37
11 38
36 175
151 90
69 194
109 187
30 146
178 158
89 2
100 91
107 162
193 86
133 130
140 72
157 71
135 150
117 70
28 49
108 32
68 178
16 72
53 30
24 120
158 36
110 77
110 163
11 92
X
51 176
181 70
161 116
121 59
79 137
179 109
46 42
151 18
42 179
129 48
137 146
80 16
157 145
123 60
161 15
31 28
172 106
X
137 119
96 64
93 64
11 93
124 98
25 191
128 192
178 124
189 73
10 165
44 95
191 194
28 134
193 117
106 47
45 137
25 53
131 55
73 67
121 192
23 24
161 93
94 190
77 16
40 86
25 134
190 75
113 10
129 192
57 107
71 135
44 76
67 158
47 10
65 35
88 147
4 139
2 130
57 139
15 27
106 142
85 161
189 104
17 179
27 171
72 91
95 138
160 62
53 32
11 142
54 164
61 14
96 97
22 28
83 84
124 132
18 177
X
77 59
16 108
75 83
23 26
86 111
77 186
33 152
76 185
191 187
91 156
90 194
109 123
30 160
78 58
161 38
17 44
172 50
152 91
21 60
131 42
23 34
48 10
22 68
49 84
120 13
88 70
132 153
90 41
70 121
145 102
195 115
52 79
55 32
42 123
162 106
81 4
161 137
127 84
94 42
13 44
X
32 64
115 95
130 65
186 65
131 57
63 160
129 156
X
103 49
62 177
127 124
193 32
91 182
X
131 54
69 102
55 144
126 10
99 26
177 117
26 79
17 53
64 76
115 163
121 79
74 126
84 76
124 176
170 133
180 117
78 14
100 175
54 75
16 44
118 95
78 81
77 120
141 121
160 137
35 139
87 97
65 103
55 21
33 17
8 46
74 32
158 19
44 37
122 129
X
164 173
156 15
170 176
88 190
129 164
55 73
54 115
74 131
51 50
93 184
115 12
172 28
X
188 89
84 161
159 13
70 93
20 32
110 55
21 34
87 57
16 73
84 89
103 151
177 196
70 162
25 84
6 133
78 151
7 117
2 132
112 179
73 86
42 10
175 168
188 170
57 191
177 123
67 177
96 33
179 69
23 83
59 158
166 85
56 85
178 58
111 175
52 36
106 192
51 187
93 194
X
56 169
6 132
137 145
119 186
13 191
17 80
55 108
168 188
141 82
56 75
51 138
190 174
122 28
132 191
159 105
76 32
7 75
176 80
86 197
188 73
X
152 22
137 177
124 180
23 151
132 129
81 2
180 52
63 48
36 174
78 122
193 78
166 152
36 149
159 96
X
14 40
57 33
154 91
44 165
165 2
17 7
134 100
39 70
35 54
81 28
192 118
123 172
X
135 121
153 90
83 88
193 187
31 195
183 185
183 153
61 94
195 187
134 56
193 2
31 109
15 72
X
147 93
160 167
30 5
49 6
122 145
X
59 155
X
190 18
144 33
180 155
53 102
53 174
146 121
166 6
34 109
53 187
194 49
73 6
166 173
26 51
171 119
191 115
172 26
24 15
22 137
193 146
88 112
110 190
106 143
173 61
13 54
4 131
X
122 162
17 51
135 113
64 114
X
142 52
55 75
110 140
112 32
168 197
88 169
35 56
86 114
170 65
17 174
127 91
125 170
93 113
55 18
96 67
74 98
4 41
152 135
98 67
154 143
60 8
5 192
84 72
98 51
122 26
172 46
142 40
94 89
25 41
X
179 119
36 55
185 73
35 108
30 26
86 194
84 71
69 168
112 39
195 143
155 57
9 52
78 109
39 67
194 179
150 16
X
1 43
109 19
159 124
108 84
135 119
124 45
28 170
111 100
124 13
104 59
110 178
84 19
52 102
171 18
17 122
168 46
178 92
59 160
119 50
60 158
159 94
74 4
126 179
139 154
91 43
9 168
152 17
126 183
64 192
141 194
103 72
69 138
152 183
159 173
135 98
158 18
124 100
125 36
180 154
73 161
96 32
29 103
72 88
182 30
146 130
4 21
191 41
128 31
98 5
77 161
166 103
161 96
52 147
104 173
9 88
26 195
136 91
101 17
35 144
13 38
157 120
79 1
101 154
114 175
16 152
86 29
172 192
68 193
12 76
61 162
162 192
64 177
97 157
2 192
51 20
23 194
27 173
55 155
183 124
168 40
55 181
65 1
169 176
23 65
140 154
167 183
91 24
98 50
104 36
125 123
41 70
113 149
14 142
137 114
160 33
125 10
80 13
68 102
79 159
144 29
X
55 67
71 152
72 64
179 102
X
172 10
94 93
11 128
191 126
130 2
72 162
93 119
83 46
78 102
51 80
84 105
139 99
87 84
8 153
190 119
133 114
192 11
42 65
X
91 3
68 192
146 120
78 126
107 84
69 72
188 91
178 18
31 26
127 4
40 148
31 66
X
52 166
160 135
99 109
63 179
7 87
121 162
180 195
56 73
84 30
169 101
42 121
42 119
171 10
110 177
27 94
163 75
170 119
121 133
93 109
117 27
27 140
77 122
10 2
29 97
6 138
1 92
126 174
87 162
37 173
84 140
29 120
89 105
195 116
8 77
60 59
9 11
193 5
65 49
116 177
168 132
145 131
75 108
74 99
28 76
94 43
123 13
18 73
165 197
173 196
134 57
157 124
34 144
77 49
X
44 123
43 119
15 77
23 40
10 132
8 52
38 50
164 4
51 140
137 138
191 88
176 197
34 105
190 120
141 74
X
169 178
151 31
59 6
138 95
X
43 50
93 123
8 154
97 33
145 116
161 13
130 181
106 38
98 19
138 119
110 118
92 41
165 76
140 91
160 133
129 26
52 168
138 9
139 152
133 56
109 13
78 36
87 68
62 95
X
134 148
148 164
179 28
66 6
62 60
8 30
160 56
96 81
55 194
176 143
134 22
86 113
69 71
24 151
65 117
42 160
42 5
118 193
120 15
125 60
191 10
22 83
176 97
23 134
125 147
X
112 150
137 72
137 20
184 191
171 192
109 31
106 49
57 106
138 109
87 119
29 108
43 181
99 28
27 125
12 73
40 74
113 12
12 69
17 121
148 53
165 174
13 179
181 5
88 125
55 113
103 164
76 48
159 33
33 51
108 55
150 76
173 26
26 119
193 29
X
118 85
122 12
69 60
20 166
67 20
38 30
54 107
98 147
169 60
84 21
179 108
167 188
139 41
15 191
169 188
127 85
83 161
X
162 93
93 131
104 172
31 125
148 132
16 92
182 92
137 9
39 31
12 176
86 59
185 151
63 176
103 51
86 193
114 163
39 173
X
41 77
123 31
140 11
80 73
46 68
189 120
152 51
130 189
168 176
64 116
61 181
52 163
34 110
141 56
X
90 123
41 6
175 164
33 182
88 167
90 182
75 179
191 79
47 120
50 79
52 164
17 43
194 89
23 191
47 55
55 104
141 40
X
135 75
194 50
125 75
112 113
39 19
90 197
57 188
163 78
173 6
156 190
192 5
104 47
170 18
13 56
39 147
34 143
168 52
70 50
170 179
8 112
10 11
62 182
30 29
104 92
48 110
77 109
118 24
67 138
103 143
177 130
163 93
100 16
88 145
139 9
167 135
151 136
149 64
147 7
45 108
49 43
171 146
5 98
173 141
128 52
161 21
51 127
138 70
14 140
14 179
174 160
157 105
95 85
155 3
42 136
177 194
49 150
41 19
143 66
151 181
162 82
61 128
104 101
81 128
10 146
52 103
49 87
187 102
85 56
152 50
178 4
157 53
56 58
178 78
177 62
98 149
140 77
112 134
X
131 41
44 82
125 71
155 49
163 115
192 126
28 150
51 174
16 191
124 31
119 37
71 102
160 29
73 63
7 11
60 3
179 39
124 99
70 75
62 127
85 105
66 102
128 188
16 106
172 6
163 94
137 70
97 79
121 158
146 18
70 125
187 156
81 49
72 189
172 32
X
94 191
193 22
183 178
171 139
X
103 159
98 113
183 186
41 164
34 63
70 45
34 20
190 168
128 153
160 190
34 106
33 55
40 15
28 114
165 86
46 104
58 138
106 13
77 57
76 189
96 63
172 179
156 177
192 82
194 180
66 72
114 178
11 89
86 21
121 39
65 72
44 43
161 118
73 128
107 17
186 154
133 42
71 40
29 146
139 72
4 164
173 192
168 33
1 163
8 100
9 46
167 197
168 31
130 23
109 169
103 152
90 101
112 188
100 134
146 106
26 117
63 178
72 60
182 4
X
2 194
147 91
84 73
78 105
110 130
92 107
87 164
51 41
126 100
19 188
49 192
126 172
85 162
126 113
54 5
169 144
64 145
28 72
105 39
82 141
164 158
120 41
22 134
12 85
134 74
118 167
52 155
15 76
44 98
54 78
118 195
30 91
X
2 176
29 109
55 16
4 75
33 50
X
77 188
135 77
98 164
156 10
64 95
112 33
180 94
40 173
171 38
181 95
34 192
168 39
5 119
160 139
5 101
85 99
27 78
28 146
12 5
158 155
110 58
16 24
88 27
50 150
163 108
42 37
97 167
43 62
189 100
X
118 43
114 85
144 57
172 178
123 74
57 79
4 154
X
38 62
57 193
155 144
44 124
X
X
112 140
170 91
104 32
7 123
110 122
148 6
103 50
160 191
102 173
6 131
191 188
162 123
143 102
192 145
168 61
119 25
30 194
128 37
77 34
26 16
191 4
X
81 90
105 56
64 4
10 111
3 95
135 176
12 181
51 115
75 67
61 130
X
83 74
32 54
98 174
23 21
159 38
76 83
115 86
86 195
27 98
6 58
8 146
100 19
164 169
179 27
197 180
129 162
X
43 162
X
193 19
73 151
122 158
141 95
65 102
31 97
28 15
60 84
1 22
46 40
115 53
10 168
165 82
179 105
150 171
X
146 132
160 194
44 162
8 62
148 165
20 9
22 32
134 104
27 170
165 87
22 60
X
162 74
188 76
102 175
52 40
183 136
79 30
93 79
56 70
62 6
91 155
23 168
X
45 41
128 84
67 114
52 47
41 179
70 91
X
55 74
175 161
87 93
173 62
87 109
190 102
52 124
179 30
96 167
77 119
155 195
163 174
107 39
107 192
81 30
85 155
105 61
51 146
32 26
102 98
33 5
53 84
149 169
85 30
75 139
10 114
79 28
160 127
92 139
173 65
20 104
33 127
67 121
51 194
161 110
56 86
78 147
33 88
16 177
40 169
97 30
69 2
X
16 89
99 147
155 38
24 40
128 68
100 24
103 176
34 56
120 69
39 17
155 1
189 167
195 118
178 154
176 117
82 74
56 106
66 75
120 14
X
13 55
183 183
109 77
38 194
72 146
55 174
129 31
33 31
61 189
31 154
40 69
165 4
55 47
62 143
X
102 176
80 39
103 126
192 31
105 64
196 60
83 73
42 155
71 38
154 95
143 58
167 6
11 180
145 115
16 55
53 180
101 111
184 192
42 87
143 96
50 114
24 127
126 124
75 34
167 86
178 117
184 37
49 158
45 106
72 187
79 77
190 51
19 61
179 77
X
72 126
48 2
153 30
41 156
20 116
37 175
57 194
12 104
160 8
5 71
33 187
118 192
134 105
97 52
143 65
69 7
38 124
13 142
108 113
52 75
108 125
177 142
180 90
X
X
15 115
150 181
158 3
93 25
86 9
47 51
144 54
X
151 22
146 78
108 126
68 134
53 27
40 194
175 78
187 68
69 119
165 56
9 132
26 114
34 107
81 126
24 123
193 144
135 132
132 103
112 118
86 8
164 155
94 41
33 155
9 50
151 177
130 45
97 19
41 146
140 15
77 150
149 18
119 70
25 123
7 113
109 110
52 90
61 4
78 150
121 143
12 4
68 45
21 155
66 35
28 46
133 148
44 96
195 57
84 94
24 138
75 63
80 143
39 192
8 59
129 23
138 162
142 90
12 150
13 12
62 188
182 27
X
66 37
182 186
77 46
192 30
30 75
70 8
33 91
109 121
67 161
44 115
122 126
112 112
113 147
6 104
89 4
145 188
25 169
160 120
96 79
172 146
156 8
144 188
38 185
148 21
148 162
42 77
146 36
172 27
119 43
109 88
140 160
143 54
137 171
13 133
94 85
85 101
51 154
17 56
26 185
110 161
92 196
21 147
52 117
114 83
143 41
192 143
53 192
157 69
119 24
43 98
77 174
44 74
104 33
63 168
11 37
56 155
121 15
126 109
16 67
96 100
56 62
88 97
28 136
92 176
129 153
105 27
29 119
104 174
70 127
102 100
38 196
145 145
31 160
194 95
40 76
49 187
54 20
160 12
189 19
119 151
126 91
113 141
X
X
136 24
3 25
140 14
42 82
118 91
53 35
138 77
85 95
140 10
63 3
186 106
37 89
145 20
45 110
86 56
119 108
61 5
104 61
172 162
5 173
137 141
48 52
126 125
136 131
102 69
64 93
102 8
154 82
16 175
178 170
118 69
27 116
66 40
39 15
193 59
189 128
88 54
195 186
63 15
51 120
40 164
4 149
182 2
181 190
175 76
21 151
77 157
135 144
19 103
96 166
177 132
52 176
46 84
66 177
101 61
13 89
49 8
106 39
107 59
X
53 44
60 1
44 119
17 78
65 115
92 189
15 89
57 35
119 191
105 36
99 12
146 145
18 135
134 77
27 76
126 28
86 121
44 155
97 12
33 184
92 69
X
127 174
75 121
28 47
150 95
158 56
102 24
18 152
78 146
100 154
96 83
74 139
71 60
180 81
23 84
182 179
127 8
75 65
X
31 56
85 141
134 76
150 19
53 173
94 194
87 4
192 10
126 176
78 54
48 171
120 143
90 190
88 197
20 148
X
88 94
3 91
104 39
126 131
87 147
104 123
96 50
5 133
36 173
X
X
9 4
97 82
105 73
149 31
56 7
74 34
65 50
81 34
X
187 20
63 129
86 104
122 23
143 147
186 105
X
116 12
63 156
91 110
67 155
105 164
188 137
98 107
17 5
79 127
129 90
180 50
39 65
191 179
X
169 132
90 1
117 8
123 105
17 156
45 107
5 151
126 27
51 47
104 112
17 133
48 50
34 184
56 113
X
87 101
X
178 81
178 76
8 60
169 20
X
154 57
X
172 18
87 81
126 48
91 193
52 170
170 90
102 7
40 161
175 171
182 109
104 49
35 184
100 191
51 150
160 60
39 145
194 60
133 141
76 45
62 97
180 36
54 36
177 143
133 144
180 30
36 146
194 2
88 158
132 128
27 12
X
80 127
55 139
144 123
179 79
6 60
X
190 115
12 139
72 139
118 70
175 7
X
68 46
42 133
32 19
138 183
86 109
53 86
76 90
86 158
12 15
23 165
139 11
85 68
38 63
131 165
113 140
53 4
121 145
186 172
5 149
190 41
85 71
118 191
160 18
X
138 19
42 44
133 126
160 74
25 151
98 30
X
94 92
124 113
120 158
1 23
71 194
189 194
38 55
175 93
4 73
153 181
29 141
52 80
139 180
23 17
51 158
89 155
137 95
99 88
147 148
50 84
194 78
165 176
2 93
176 158
171 123
188 151
6 12
142 39
39 116
192 9
139 102
85 34
136 167
20 35
180 3
130 71
131 159
108 171
165 196
179 29
68 180
173 146
192 18
45 9
126 70
121 43
73 125
126 170
177 172
79 161
183 30
39 144
7 14
14 117
151 170
28 81
60 127
X
43 158
104 68
76 96
89 56
14 80
103 182
19 60
66 179
83 82
76 81
151 21
55 120
1 24
X
X
122 144
189 172
138 92
43 183
180 92
81 32
97 97
149 67
105 142
49 7
13 45
23 8
51 40
75 162
130 188
156 155
31 54
182 122
115 27
12 80
64 189
54 109
136 171
77 83
193 116
89 147
121 193
130 69
181 184
57 187
107 31
132 104
64 73
96 164
117 167
74 128
185 155
124 60
57 24
192 86
67 182
168 56
55 36
76 87
141 75
17 167
89 57
36 139
2 21
87 72
4 95
29 74
170 26
75 109
X
102 134
138 72
136 76
186 102
137 15
159 42
166 172
147 94
114 28
122 121
134 101
31 123
128 39
51 21
3 190
176 81
15 24
X
100 193
80 49
29 98
193 178
100 18
147 191
14 141
30 108
64 31
61 11
134 110
135 22
111 132
147 37
155 10
107 120
52 157
158 30
144 105
72 190
183 39
83 68
15 188
93 62
29 150
39 44
31 118
87 163
107 179
36 17
73 91
92 54
56 110
89 109
134 23
179 80
41 196
187 142
55 76
136 112
93 181
134 42
13 188
103 161
121 38
158 15
172 29
10 112
27 40
173 19
122 60
57 73
170 134
67 16
100 7
127 170
179 60
111 187
194 90
149 162
3 140
162 42
46 86
56 20
102 72
176 16
78 149
110 138
154 102
19 101
185 75
159 54
4 26
16 156
121 185
125 59
132 63
30 27
142 106
159 95
108 160
X
105 99
27 129
69 50
53 115
65 104
8 104
195 129
149 93
5 190
66 180
137 89
112 98
121 13
X
56 59
78 27
29 160
143 55
163 82
133 105
180 190
156 13
169 194
102 70
56 6
9 114
123 26
127 88
131 115
152 31
9 166
111 101
46 43
X
25 125
63 116
154 93
87 82
9 104
104 111
52 55
151 28
71 71
156 5
157 137
133 147
63 51
133 98
X
129 65
103 64
24 83
35 110
7 46
43 156
78 106
71 87
172 188
67 168
73 193
51 27
71 73
12 36
96 14
49 163
188 172
77 13
142 59
28 79
189 178
64 180
76 34
189 14
128 91
22 101
130 31
179 35
156 49
74 30
160 174
58 89
102 107
168 178
X
144 64
78 161
128 97
168 62
67 163
65 14
120 104
X
70 40
141 120
120 120
169 28
75 134
49 15
92 197
94 91
168 76
123 162
23 7
34 136
139 82
16 179
2 41
102 106
70 120
164 5
81 47
138 169
120 123
49 106
138 161
98 189
175 154
132 170
181 108
100 172
78 56
149 78
109 84
67 131
70 166
170 110
52 153
32 87
87 155
141 150
171 46
121 9
73 194
94 133
175 103
109 157
30 103
17 124
195 97
176 59
41 95
79 177
28 147
122 130
27 127
86 120
33 154
111 170
135 11
92 91
99 157
50 127
181 102
84 141
193 46
52 115
43 94
74 1
194 46
143 53
78 127
27 84
139 74
85 19
119 187
83 136
46 37
189 192
23 86
148 160
19 19
97 159
192 181
159 127
71 56
140 156
71 103
187 104
101 92
151 6
29 45
148 134
158 194
89 170
147 75
158 5
155 5
162 153
13 13
70 194
94 22
74 166
160 93
153 170
138 154
62 61
100 176
173 143
75 185
141 16
72 66
111 31
24 18
161 127
130 68
38 39
71 4
35 153
187 18
4 152
7 84
65 6
144 143
26 181
192 41
56 157
25 139
26 139
54 102
63 182
127 35
188 152
150 31
187 22
89 59
194 115
84 143
1 25
77 27
139 162
64 144
9 6
84 28
22 5
74 83
59 4
X
69 73
143 119
136 77
191 52
X
16 53
144 197
68 139
32 89
168 41
X
74 157
24 114
151 167
157 139
136 144
110 13
22 139
93 138
63 155
106 50
58 61
183 190
183 102
76 46
165 172
161 32
27 168
191 78
123 153
55 54
158 13
191 2
101 27
40 29
8 71
75 80
147 150
102 92
63 128
50 44
99 99
94 40
175 11
92 112
99 19
121 184
130 63
43 46
158 63
154 145
117 12
13 136
63 169
75 174
52 119
155 13
27 53
122 13
110 18
65 120
76 105
71 88
188 92
65 169
127 123
122 146
31 107
36 73
41 4
68 182
88 10
150 117
55 70
55 53
130 4
64 5
85 163
144 182
183 53
129 71
153 179
147 95
184 38
11 84
41 112
129 50
68 35
54 195
72 59
X
95 140
171 183
35 105
146 40
90 196
62 130
107 87
136 74
41 62
19 5
48 169
42 86
191 19
176 92
117 144
81 136
113 179
157 104
74 159
4 77
104 144
153 171
87 158
28 149
57 119
31 110
170 48
98 54
104 175
51 135
52 126
165 177
19 123
115 179
93 197
140 180
6 186
89 112
91 89
90 53
122 85
15 79
52 141
182 93
137 113
105 97
68 16
111 138
149 66
148 133
31 170
31 5
73 88
153 37
90 167
85 58
X
113 98
78 145
49 155
81 89
66 49
97 80
5 191
105 161
86 93
42 183
177 60
38 183
141 164
71 128
74 56
193 129
155 42
61 182
141 57
33 186
155 180
133 149
54 118
25 185
86 164
86 10
109 15
119 153
7 165
73 191
33 6
152 165
171 53
31 120
138 96
186 156
46 38
36 110
51 144
121 42
173 197
26 118
23 6
28 148
51 55
56 166
25 65
55 179
112 35
179 154
126 39
12 107
158 153
143 59
26 12
76 102
148 78
98 167
27 136
188 106
194 31
143 31
47 104
152 171
169 183
168 120
182 39
1 91
142 30
15 26
47 121
14 108
162 122
38 38
154 135
95 97
114 179
148 18
54 126
142 184
61 179
159 106
193 21
74 59
105 98
125 183
13 131
158 49
28 116
22 138
26 53
X
109 113
164 57
76 47
151 40
86 154
171 11
176 17
97 63
91 189
133 110
81 142
74 3
70 165
43 166
180 35
166 83
116 49
86 81
90 180
68 120
63 145
86 122
X
63 163
42 128
108 77
44 46
25 181
126 35
77 180
148 9
137 173
84 102
124 69
127 89
189 142
31 106
83 48
99 113
122 154
35 20
90 10
12 154
53 29
31 115
145 22
93 118
37 73
28 40
62 62
5 178
25 12
56 5
169 197
88 68
5 62
129 67
12 3
29 138
56 151
13 102
52 139
7 77
124 68
104 110
158 4
146 123
10 51
108 170
76 28
2 131
166 155
177 94
177 144
60 62
182 3
28 123
86 108
127 113
134 132
15 192
131 156
58 135
156 72
41 40
X
52 173
190 49
120 129
130 29
71 6
31 149
106 63
95 158
21 24
114 6
139 177
101 130
14 53
27 134
32 51
X
122 132
73 192
190 195
111 73
19 125
171 12
25 114
130 179
31 49
103 158
48 167
98 92
167 4
90 8
155 194
38 144
X
49 40
106 75
85 84
40 112
191 170
175 97
99 8
33 195
87 145
79 16
140 45
34 103
X
X
175 105
31 7
20 118
81 88
98 134
X
18 188
189 115
115 49
194 97
164 170
66 76
31 105
124 97
59 163
112 176
164 171
160 61
49 89
X
19 165
8 110
155 191
7 27
163 117
141 59
21 154
128 63
6 62
9 99
30 28
4 148
26 120
180 83
164 82
32 63
151 39
120 144
49 42
57 181
154 101
105 162
4 118
128 35
51 14
5 139
78 47
137 154
167 100
35 103
7 85
115 52
178 35
145 59
8 72
155 101
74 161
165 194
X
14 72
53 41
X
130 183
177 20
195 113
56 67
63 31
20 21
67 172
114 93
X
43 66
16 48
36 105
66 15
158 42
84 88
6 22
161 124
37 56
104 133
6 23
31 6
44 133
49 2
138 45
152 92
147 36
174 27
56 84
130 28
42 158
53 171
140 9
171 181
30 33
64 71
67 171
179 32
160 9
104 24
X
185 76
47 49
48 163
65 8
37 138
39 29
122 11
122 10
36 75
180 54
93 80
26 47
100 5
71 90
68 20
14 76
86 143
X
17 72
X
66 11
107 74
40 165
86 196
71 74
87 34
128 154
105 58
19 167
174 8
65 118
159 130
153 180
9 130
175 158
112 38
148 144
147 181
155 12
13 57
53 21
46 66
131 62
119 143
28 16
59 87
179 185
52 30
99 167
99 164
50 151
52 77
166 56
21 86
143 144
63 93
65 11
55 119
71 150
56 179
83 162
61 144
55 17
155 9
162 39
177 141
79 54
25 121
49 54
98 165
91 122
144 183
75 3
145 197
51 113
108 127
143 189
151 178
81 55
186 88
106 60
162 155
148 59
29 107
177 170
148 68
5 186
61 58
68 168
181 30
119 163
188 88
159 8
117 9
97 189
115 6
14 39
174 162
161 84
69 89
22 141
X
34 181
5 172
155 86
192 180
34 19
110 85
191 193
124 182
X
108 111
74 31
158 121
148 77
52 18
16 103
136 103
70 46
77 56
174 146
166 2
167 190
87 56
97 109
156 60
160 105
16 76
64 16
94 131
163 86
26 134
40 91
132 105
196 94
15 80
195 95
151 38
42 122
127 47
169 87
127 31
173 64
124 30
25 47
162 18
84 18
141 42
119 52
120 12
168 73
103 130
66 46
42 112
138 123
63 127
30 31
144 68
16 74
55 116
92 22
53 17
189 118
158 128
159 29
178 130
59 2
91 132
17 25
104 127
76 6
145 133
123 28
148 130
98 17
169 91
85 72
118 89
169 56
106 72
177 119
55 103
181 119
182 28
22 65
4 122
42 88
53 28
116 95
29 72
158 1
177 92
159 15
194 81
86 32
74 5
171 73
140 94
107 73
65 47
152 52
133 113
134 41
95 22
78 125
144 36
55 48
118 49
124 76
125 45
155 37
122 113
68 75
141 94
167 56
77 60
21 21
169 26
171 121
181 48
73 132
28 119
143 56
150 78
100 8
30 45
167 59
195 93
98 130
36 19
107 122
91 109
104 51
125 8
136 113
69 87
68 48
40 113
55 51
181 122
69 88
30 119
184 30
67 15
96 62
8 14
162 20
194 130
51 48
13 104
177 30
75 91
99 97
195 114
97 85
65 20
35 33
144 52
23 28
102 110
27 135
197 60
89 32
161 36
110 88
183 52
115 50
127 121
186 101
80 37
67 119
44 114
68 40
23 66
17 42
100 130
174 78
179 117
54 7
182 117
188 38
24 26
65 116
15 67
50 76
167 104
61 12
53 67
125 9
12 106
185 88
167 2
90 4
121 57
45 3
55 50
128 70
83 69
185 90
147 39
5 102
103 134
194 5
179 20
192 88
9 3
75 96
84 77
84 97
125 78
167 48
138 90
93 66
91 119
102 109
75 100
45 70
40 88
8 119
138 21
27 16
190 8
43 96
42 46
193 94
43 125
115 84
105 59
109 55
154 88
6 47
73 3
16 102
166 133
129 52
61 62
12 9
78 34
32 65
185 92
93 40
170 38
30 30
12 86
133 100
122 122
26 121
13 14
34 108
40 43
80 1
136 111
149 114
56 4
167 47
60 6
78 39
28 53
118 104
191 12
180 27
75 107
20 117
100 6
111 74
9 14
26 81
96 52
147 119
176 60
159 77
156 56
187 19
150 93
65 119
81 57
54 104
38 70
169 61
84 87
38 52
115 80
179 49
147 90
125 56
98 133
28 126
166 100
169 104
145 132
168 104
139 80
1 42
9 5
101 13
127 112
166 86
189 127
4 24
42 2
5 61
65 105
44 48
71 76
169 33
65 17
102 64
180 93
42 76
115 93
34 75
139 77
57 108
172 8
42 91
29 134
65 34
162 128
55 14
71 86
67 106
111 36
13 67
49 90
160 128
38 41
55 44
156 1
141 73
98 12
88 111
182 95
190 130
88 52
170 53
69 20
150 18
53 40
44 69
92 68
14 36
189 82
6 16
66 39
79 14
127 14
45 119
42 18
31 104
147 106
54 69
141 77
17 46
176 77
118 94
42 85
62 33
177 97
189 81
40 19
184 31
124 24
152 93
100 89
34 126
94 130
5 28
87 21
175 106
90 40
146 75
177 134
169 41
36 52
191 35
4 92
10 49
40 75
41 128
59 127
17 45
182 26
191 127
177 101
24 135
176 101
13 106
92 123
138 14
184 25
42 98
75 132
169 72
70 49
106 68
54 127
189 102
145 23
192 36
44 2
19 20
24 118
184 35
12 87
175 10
17 115
134 58
142 16
13 108
93 43
44 112
167 132
13 71
90 102
117 86
160 124
100 17
184 26
123 59
17 6
163 77
175 101
86 30
124 90
148 76
179 101
193 95
80 38
78 12
119 67
168 59
52 113
33 97
127 37
153 133
41 94
33 94
136 100
169 31
115 28
163 110
78 128
31 114
187 100
180 109
191 82
146 102
146 64
192 37
66 34
156 70
117 28
131 51
21 85
60 89
156 3
190 103
156 50
152 85
170 88
88 95
105 24
88 72
8 11
124 88
118 82
164 60
75 88
98 97
167 102
159 102
142 80
67 75
104 60
86 19
160 96
72 128
137 123
25 17
78 97
88 28
166 84
76 36
156 52
118 53
114 81
30 90
49 29
62 93
10 29
142 32
154 39
191 14
45 10
122 30
49 110
179 124
176 104
16 57
98 69
93 133
81 87
64 11
178 3
123 124
178 2
28 78
64 6
87 10
97 99
118 93
2 43
76 51
134 103
95 12
49 48
118 106
68 106
109 39
113 7
119 59
6 21
121 56
156 54
69 114
106 71
79 34
69 44
132 40
162 8
154 41
33 32
191 5
38 116
23 87
74 6
57 20
170 108
12 84
131 113
36 108
188 9
136 98
36 51
105 28
99 27
165 78
166 82
88 93
88 30
147 21
141 53
157 13
24 126
25 87
180 95
170 40
159 75
78 32
56 61
110 110
101 134
61 3
52 100
176 78
149 9
21 65
15 102
61 2
51 17
86 112
137 91
50 126
109 17
101 64
101 24
138 24
74 58
188 37
102 5
165 75
91 91
129 62
197 56
93 124
178 105
76 7
27 121
129 28
96 31
49 55
32 105
72 3
86 99
65 114
134 18
26 129
28 51
113 28
105 72
70 131
177 124
33 8
188 77
142 96
30 72
16 133
187 106
13 69
31 117
1 41
87 112
62 11
188 115
76 29
98 6
50 86
70 2
93 63
88 96
29 117
134 55
141 83
110 87
42 89
5 21
95 98
16 118
158 108
119 49
5 99
137 105
11 87
104 90
57 75
128 62
151 133
93 110
126 67
76 82
162 10
8 122
126 52
32 18
34 31
172 61
39 27
55 102
162 13
189 129
117 84
118 107
51 75
8 117
164 3
31 121
175 12
20 60
47 122
74 90
14 51
137 100
26 115
54 120
161 40
162 129
161 82
75 120
189 37
76 80
55 49
154 69
190 126
37 75
87 17
92 42
117 47
171 6
21 61
149 91
43 116
63 97
181 54
153 43
24 16
153 57
64 46
181 81
149 95
71 5
112 37
155 83
6 117
67 31
88 124
156 101
93 68
60 130
15 74
88 1
147 65
146 55
59 8
189 18
93 81
115 82
19 17
55 115
41 15
106 16
18 72
166 132
12 40
171 74
74 127
17 48
184 29
178 36
32 20
24 80
53 48
92 129
108 86
92 124
74 92
9 129
154 68
120 68
97 67
126 26
85 97
7 114
18 9
20 115
33 33
181 82
2 91
138 120
98 131
53 55
145 21
33 110
41 66
190 82
155 15
181 39
146 68
147 23
177 29
162 110
193 56
41 28
96 18
42 90
189 10
30 8
172 48
101 88
114 82
55 20
61 96
13 134
119 51
12 6
104 34
135 110
146 59
14 134
136 90
135 105
171 110
17 24
22 21
36 53
30 114
43 123
94 83
116 6
49 107
132 64
187 77
132 101
146 103
33 20
77 58
98 89
107 55
194 29
46 63
97 14
55 43
22 103
30 89
87 123
13 48
139 73
40 17
184 39
107 127
77 96
118 108
68 131
127 12
122 27
176 119
90 120
51 15
169 57
11 12
179 5
73 131
160 123
57 110
110 19
69 90
173 63
111 77
97 18
20 125
126 30
187 73
150 114
65 51
76 30
14 132
30 64
133 54
180 4
190 52
178 26
42 69
161 74
170 61
91 93
55 118
122 107
81 73
23 62
110 113
118 28
80 34
156 53
14 37
122 84
31 98
82 77
27 83
86 110
45 109
126 98
155 41
41 85
40 44
89 51
144 39
76 122
131 56
103 101
152 84
31 126
78 82
169 52
27 86
138 23
42 115
190 100
61 97
157 63
190 48
71 7
190 76
44 97
177 71
161 115
183 101
91 54
182 96
66 119
99 112
25 116
43 2
188 65
78 96
31 31
6 15
98 132
132 58
168 64
123 109
33 27
145 31
5 24
121 37
29 8
122 24
78 101
38 113
194 126
17 79
136 130
116 70
30 116
175 96
61 6
132 42
70 88
16 115
138 113
153 88
42 16
120 125
161 130
147 68
110 86
147 6
106 122
178 132
92 131
93 111
25 16
46 10
52 104
142 89
177 31
168 100
52 116
110 134
174 6
32 66
41 87
11 90
110 16
109 101
125 13
182 54
86 123
147 59
172 21
128 1
141 80
139 75
119 60
121 60
33 28
87 114
75 27
13 68
62 34
75 93
80 4
181 35
194 51
91 90
177 16
183 122
53 89
145 120
42 94
148 118
12 88
50 124
145 123
76 50
111 39
123 80
17 54
101 8
7 86
68 58
152 83
196 31
27 72
147 8
12 128
43 86
53 75
161 10
82 1
108 35
64 97
12 93
102 101
190 105
158 133
93 93
141 58
119 56
149 21
79 120
88 51
134 40
152 94
171 31
190 22
80 15
132 62
24 128
63 49
63 46
76 119
47 52
69 92
145 119
71 125
91 123
127 1
41 3
33 87
189 114
5 104
15 134
130 26
44 122
39 124
25 119
41 82
13 9
186 77
81 127
136 126
17 68
117 43
8 61
119 53
146 58
74 102
132 102
41 8
102 133
24 24
143 94
30 76
42 134
195 29
117 37
49 105
178 38
1 21
103 108
94 33
33 108
26 116
180 101
41 9
77 102
38 64
189 41
7 121
136 110
178 118
85 17
95 50
22 102
158 40
56 69
170 132
4 25
72 86
33 26
164 87
134 102
160 42
113 25
67 103
106 58
44 63
108 112
50 14
177 69
70 119
127 125
69 91
192 8
2 95
5 73
102 130
104 64
167 5
158 106
43 10
196 29
138 43
173 51
93 120
30 46
22 100
154 50
84 90
20 100
74 2
184 36
32 28
25 50
158 109
57 34
110 38
19 100
162 14
169 21
183 54
97 13
54 124
136 9
99 92
170 46
33 89
174 33
61 7
24 125
178 134
35 73
34 127
115 25
110 56
183 108
102 111
175 83
191 3
101 25
6 100
83 47
72 131
30 65
15 104
182 36
132 54
179 78
151 42
144 40
132 65
136 121
104 28
192 56
22 24
155 105
50 90
9 110
64 120
11 132
32 33
127 110
43 36
43 122
108 13
193 52
41 124
43 9
31 63
21 66
136 128
11 39
79 33
25 81
149 7
76 3
46 110
137 24
136 15
116 24
12 131
33 90
186 92
90 9
19 21
178 119
76 93
49 108
49 9
174 51
52 118
179 52
66 38
62 32
123 84
29 95
116 69
116 86
83 44
38 125
100 108
138 114
76 38
169 108
65 15
9 48
71 70
109 134
74 88
76 2
13 79
106 51
104 130
193 57
20 34
5 77
65 18
97 17
70 47
96 65
49 41
38 54
147 18
147 78
117 82
171 108
94 25
180 69
8 121
179 95
146 134
196 56
7 50
87 108
141 96
46 6
88 71
152 89
67 36
141 54
19 104
1 94
137 10
57 23
61 8
71 105
31 89
155 40
11 14
20 123
146 57
30 88
175 132
99 14
137 18
57 134
105 123
83 50
145 117
170 62
78 50
21 25
128 64
92 25
174 12
115 89
169 123
107 118
188 116
105 100
162 9
53 20
128 65
146 54
125 31
104 88
169 109
114 8
13 42
171 65
66 8
114 94
15 93
68 118
14 46
190 117
77 36
